facilities = 100 objectives = 2 max_distances = 25 max flows = 20 correlation = 0.110000 seed = 20
100
 0  8 14 17 11  1 15 18 11  3  6  2 14  9 15  3 13  2 13 20 10 16  5  7  8  2  7 12 20 15 11 13 14 13 17 19 16  3  1  8 10  7  7 12 16 20  8  6  2  9 14 20  5 20 19 14 13 19  4 10 10  6 20 18  6 13  4  6  3 20 10  8  5  1 14  3  2 15 16  3 14 19 14 11  1  9 12  8 20 13 11 19  1 17 11 18 16 18 13  2 
 8  0  5 10 20  2 14  6 20 16 13 15 10 16  3 17 19 13  1 16  1  5 16  1  7 20 12 15  6 14 15 11  6 17 18 12  5 15  3 11 18  6 11 13 19 12 13 19  2 18  5 11 14 19  7 17 13 19  5 11  7  9  1  2 16 14  9  7  8  3 17  9  5  5  1 13  5 18 15 10 17  6 17 18 14  8 15 14 20  2  5 18  4 16 16 17 20 19  7 15 
14  5  0  6  2 19 20 18  2 19  3  3 16  5  6 12 16  4 18  8  5  3  3  3  6 12 19  2 18 17 11  9 12 15 14 17 14  9  3  7 18 20  3 15  7 18 17 14 14  6 11 10 15 18 14  3 15  5  7 18 10  8 15 20 19  5  3 11  7 13  7  4  9 12 19  8 10 16  6 11  6 14 16 18 11 13 14  5  6  3 10 10  8  2  8 12  5  3 14 11 
17 10  6  0 12 10 15  1  5 17  9  7  7 12 16 16 19 18 13 15 19  3  3  8  1 11 17  4 16  9 16  3 13  2 11 17 14  9  8  4 17 15 18 11 10  7 11 15  6  1 20  9 20 17  6 13  4  3  2  1  9 17  2  6  7 10 11 12 16  2  8 14  7 16 10  3 13  5 11 16 20  1  9 17 19 20  8 19 11  9 13  5 18 12  9 17  7 15 10 19 
11 20  2 12  0  5 11  5  9  7  8  7  8 10 13 20  2 14 17 16 15  3  1 13 17  6 14 18  3  1 17 16  4  2 18 12  5  5 18 16  5 20  8  8 11 11 19 20  5  8  5 18 13 11 13  2 17 18  7 10 15 14  7  8 14 14 15 10  5  8 20 14  8 13 11 18 11 15  3 10 11 14 11 11  6 18 10 19  2 19  1 18 18  9  9 19 15  1 15  5 
 1  2 19 10  5  0  7 14 18  8 15  9  4 18  3 16 15 11 13 10  5 12  8  9 17 13 18 18 16 15  1 12 17 13  2 19 18 19  4 11  1  7  3 18 11 16  2 14 20  6  1  4 12 20  6 14 20  7  8  1 13  9  3  2 13  6  6  7 18  9  4  6  2 19 12  6  6  6 19  1  4 13 12  2  7  1 15  6 11 12 20 11  8  7 20  6  6 12  2 11 
15 14 20 15 11  7  0  9 15 15  6 16  5  8  8 14 10 17 13  9 11 11  9 10 13 19 15  7  6 10 17  8 17 10 14 14 17 18 15 13 19  2 11 16  6  1  8 19 17 15  3 17 10 14  7  4 16 10  5  3  8  8  8  6 16 13  6  8 17  3 13  2  9 13 13 17 11  7  1  7 11  8 10  4  2 12  1 12  2  3 16 19  4  6  1 20 10  1  1 14 
18  6 18  1  5 14  9  0  8  9 16 16 20 17 18 10 16 14 11 14 20  6  7  5  5  5 18 19  2 14  2  2 20 14 10  6  7  1 18  4 10 16 18 18 19 10 12 10 19 19 20  2  1 13 18  6 12  2  5  4  7  1 17 14  6 11 20 18 10 14 17  5 18  5 19 18  5 20  2 20 11  4 15 13 11  7 14 12  3  8 18 14 17  6 19 16 11 11 14  3 
11 20  2  5  9 18 15  8  0 10  1  9 14 18 12 12 14 18 14 14  7  5 18 13 10  2 11 11  2 14 17 10  5 19 15  7 20  8  8 10 18 17 17 18 19  7 16  7  3 12 13 20  5 18 20 14  9  9 17  6 15 20 19  3  9  6 20  3  2 19 12  6 10 16  2  1 14 13 10  7 19 11 11 19 11  1  4 11 10 16 16  7  9  4  2  4 18 10 18  4 
 3 16 19 17  7  8 15  9 10  0 19  8  2 17 13 15  6 12  7 17  6 20  1 14  3  5  8 12  8 20  1  3 14 17 12 13  3 11  2  1 17  1  9 15 14  6  2 19 20 18 14 11 13  8 17 13 14 12 20 20 10 11  3  9  1 20  4  4 10  9  5 14  7  7 20 17 10  1  5  1 16  3 13  6 11 15 19 13  4  8  7  4 13  6 16 16  9 19 19 14 
 6 13  3  9  8 15  6 16  1 19  0  8 19 17  6 10 18  5 16 12 18  2  9 11 11  2  7  2 16  1  1  9 15  3 14 20 12  5  8 16  7  2  6 14  7 14  8 15 12  6 10  1 14 12 12  6  2  5  8 14 12  5  1 20 12 14 19 10  8 16 11 14 15 14 19 16 19 17 19  9 19 11 11 13 14 13 16 19  3 20 18 12  2  2 20  4  5  3  4  1 
 2 15  3  7  7  9 16 16  9  8  8  0  4 13 18 11  1  6 15 20 15 18 14  3  6 10  9  5  8 13  8 17  1 15  9 13  1 15 11 14  7 10  9 17 20 16 13  2  9 19 16 18  7  2  3 12 13 11 19  1  2  9  1  1  8 17 13  2 10  1  5  3 15  4  6  7 19 12  8 15  2 13 10  5 15  1  9 12 13  2  7 13  7 12 17  1 18 13 17  9 
14 10 16  7  8  4  5 20 14  2 19  4  0 11 14 19 17  7 19  8 10 13 15 19  6 17  4 10  7 15  3 12 13  3 17 15  2 20  1  4  5 14  4 18 14  7  3 12 10  9  8 16 17  4 13  7 11 20  5 19 10 18 11  3 20  3  9  7  1 16  2  2 12  4  1  4  8  9 15  2  7 16 12 11 19  6 11 12 13  5 19  4 11  4 14  7  8  7  4 16 
 9 16  5 12 10 18  8 17 18 17 17 13 11  0  6  5 15  4  6 16 17 12 20 13 18 20 19 17 13 14 10 16  9  5  3 17 15  2 20  7 19  4 17 18 10 15 13 18 19 19 18  4  5  6  9  4 10 16 12 16 12 19 11 20  2  8 10 10  5 15 15 10  9 20 11  9 17  2 18 10 16 12  7  2 18 15  4  8  8 16 15  1 20  6 12 16 11 14 15 17 
15  3  6 16 13  3  8 18 12 13  6 18 14  6  0  6 18  1  1 14  9 18  1 11  3  1 13 15 10  6 16 12 13  4  2 12 20 12 10 12  2  8  4 16  7 15  2 10  6  7  6 17 18 15 11 10 11  7  1  2  7  1 18 20  7  7 13  3 15  7 17 20  8  8  7 10 10  9 18  8 18 18 10  2  4  7 13 19 13  2 14  6 18 19  5  7 18  7  1  2 
 3 17 12 16 20 16 14 10 12 15 10 11 19  5  6  0  3  5 14 17 20  3  3 15  8 13 13 12 11  4  2  8 17 14 13  8 17  1  1  2 14  5  1 19  4  3 18  9  1  4 10 18 12  2 11  4  4 13 11 10 13  9  4  1  2  7  9 12 14 15 19 11  5 17 14 13  4 18 17 15 19 16 15 12 16 14 10  6 13 19  6  2 15  2  7 15 19 11 16  1 
13 19 16 19  2 15 10 16 14  6 18  1 17 15 18  3  0 11 12  2 13 18  4  6 13  4  5 19  4 18 11 18  9  2  8 16 15  5  2 14  6  9 17 11 16 17  1 17 20 17 19 18 19  8 18 12  8  5 16  1  2  8  7 11 12 14  1 18 18  4  8  4 18 17  2  4  8 17  2 18 20  6  3 11  7  5  6 17 13  1 12  3  7  8  4 15 11  7 14 17 
 2 13  4 18 14 11 17 14 18 12  5  6  7  4  1  5 11  0 16 10  4 12  6 15 19  4  8  9  6  6  6 16  4  5  4 17  8  5 11 17  2  3 16 14 11  7  7 20  1 11 13 17 13  2 11 10  7 16 14 15  8 17  5  2 10  5  9 10  7  9  2 20  4  8 14  3 17  2 16 13  3 11 10  8 19 20 11 17 13  9 14 10  9  5 20 10 18  2 15 17 
13  1 18 13 17 13 13 11 14  7 16 15 19  6  1 14 12 16  0 19 18  8  6 11 14 13  8 10 19 11  6 15 11  7 18 19 10 11  2  6 13  7 18  4 12  3  8  7  5  5 19  1  3  1  3 20  6 20 12 14 13  8 16  5 15  2 14 15 17 11  5 11 13 19 14 20 12 18 15 10 16 13 13  1  1 10 15  5 14 19  5 14  3 11  8  5 12 12 18 16 
20 16  8 15 16 10  9 14 14 17 12 20  8 16 14 17  2 10 19  0  3  7  9 13  5 10 16  9  1 14 20  8 15 10  2  5 17  5 10 19  3 20 10 13 11  8 16  4  3  9 16  7  8  7 11 15 10 10 16  6  6  2  2 20  4 14 20 13  1 12 14  1 12  2 11  6 18 19  1  1  9  7  8 18  5 12  4 15 17 20  3 15  4  4 19  9  5  4 12 10 
10  1  5 19 15  5 11 20  7  6 18 15 10 17  9 20 13  4 18  3  0 10  8 15  5  1 17 10 11  4 20 14 10 14  7 17  7  6  8 10  5  6  7  9 13 19  2  5 14 12  4 12 15  5 10  2 10  3 13  7  8  7 17 13  4  2 18  9 19 18  3 10  1  8 13 18 16  9  8  3 19 18 14 12  7  8 19  5  2  9  9  2 14  7  8  7  4  5 17  9 
16  5  3  3  3 12 11  6  5 20  2 18 13 12 18  3 18 12  8  7 10  0 13 10 20 12  1 15 11  7  9  7 18  6  7 10 18  2 19 11 11  4 10 13 20 19  4  6 10 11 15 20 11  8  6 10 17  3 10 12  3 11 12  3 10  8 11 13 12 19 16  1  3  5 15 13 14  8 16  7  5  4 18  8 17  9  6 18 12 20  3 11 20  7  5  9  7 15  9  1 
 5 16  3  3  1  8  9  7 18  1  9 14 15 20  1  3  4  6  6  9  8 13  0  7  8 20 20  7  4  7  8  5  9  1  7 13  4 13 14 11 20 15 14 10 10 16  6 16  9 11 16 13  2 17  3 18 15 11  4 13 14 11  2 10 17  9 14 10 10  1 12  1 11 20  1 18 19  9  5 12  7 16 12 20 13  5  3  2  4  2 12 13 19  4 17  4 10 17  8 16 
 7  1  3  8 13  9 10  5 13 14 11  3 19 13 11 15  6 15 11 13 15 10  7  0  3 19 16 16  2  2  3  3 15 11 16  5 11 17 14  3 16 19  1  1  8 14 13 20  9  6 15 19 14 14  9 20 19 16 11  5 11  8  7 19  1 13 14 12  9 19  2 19 10 13 16 13 19  6 12 18  1  8  7 15 15 17 14  6 18 14 18 20 15  3 15 18 11  2  6 20 
 8  7  6  1 17 17 13  5 10  3 11  6  6 18  3  8 13 19 14  5  5 20  8  3  0 12  9 13 20  3 16 13 12  5  4  8  5  6 18 12 18  8 10  5  2  5 18  1  2 19  2  2 19  3 13  1  2 11 11  2  8 15  9  8  7 11 10  2  5  7 20  2 19  1  3 14 20 14 13  9 17 15 12 13 12 19 14 18 17  2 10 13 16  1 16 14  3 19  7 17 
 2 20 12 11  6 13 19  5  2  5  2 10 17 20  1 13  4  4 13 10  1 12 20 19 12  0  1 16 11 17  9 15  5 13 10  6  6  9  5  6 16 19  7  8 12 11 16  1  8  1 16 12  6  7  6 19  4 20 10 12 13 14 19  3  3  8 15  1 10 13 15  3  8  6  3  9 17 14  1 10 11 11 17 17 17 17 10  1 16  9 15  2  8 13 13 16  2  8  8  1 
 7 12 19 17 14 18 15 18 11  8  7  9  4 19 13 13  5  8  8 16 17  1 20 16  9  1  0 16 17 14  8  1  6 11 10  5 19  8  2  4 10  8 14 15  2  3 11 14 12 17 19  9 15 13  6 14  6  7  5  8 10 11  6  8  8 15  5  2 18 19 15  5 15  3 17  1 16 19 18 13 10  9 13  9  5  5  3  2  8 18 16 13 13  4 13 14 19 17 16 11 
12 15  2  4 18 18  7 19 11 12  2  5 10 17 15 12 19  9 10  9 10 15  7 16 13 16 16  0  6 18 17  6  7  7  6  5 12 10 13 16 13 16  9 12  7 11 12  7 18  7  7 16 19 20 11 14 10  5 13 12  1  1 11  3 18  4  6 19  4 16  5  4 16  9  9 16 13  9  2 10  3 19 16  2  6 13 16  7 17 16 20  2 18 12 15  4 13 17 10  9 
20  6 18 16  3 16  6  2  2  8 16  8  7 13 10 11  4  6 19  1 11 11  4  2 20 11 17  6  0 17  8 18 16 11  9  9  6  5  5 18 17  1  7  4  6  5 15  3 14 17  2 19  6 11 15  4 17  9 12  8 13  3  1 11 20 14  7  6  4 15  9 15  6  5 13 15  9 19  3  8 18  7 10 15  8 19 19  5  4  4 20  3 19 16 16 12 13 13 19 11 
15 14 17  9  1 15 10 14 14 20  1 13 15 14  6  4 18  6 11 14  4  7  7  2  3 17 14 18 17  0 20 19 16  3 12 11 11  5  6  6 19  2 13 11 19  8 13 19 17 12  5  5 20  4 18 10 19 10  2 10 11 20 18  8  8  5 20  6  1 15 14  8 19  7 15 17 13  6  6 11  2 17 16  8 15 18 11 11  7  4 14  9  6 20 11  2  6 17 14 10 
11 15 11 16 17  1 17  2 17  1  1  8  3 10 16  2 11  6  6 20 20  9  8  3 16  9  8 17  8 20  0 16  5  9 20  8 14 18 12 20  3  2  7 13  8 20 20  6  4 10 19  8  5  2 17  6 16  7  2  5  9  9  8 14  4 20  8 15  8 20 14  1  7 16 14 20 10 12 17  2 19 16  2 15  1 13  7  2  9  3  3  3  9 17  8 16  7 15  2  1 
13 11  9  3 16 12  8  2 10  3  9 17 12 16 12  8 18 16 15  8 14  7  5  3 13 15  1  6 18 19 16  0 13  5  5  1 18  4  9  5 20 15 10 19  8 11 11 20 12 12 17 19 11 13  1 20 14 16 19  5 11  8 16 13  1 16  5 12 17 17 13 17  4  8 20 13  8  4 19  3 16  5 11 14 14 16 14 20  6  3  4  8 12 19 12 19  5 18  4  4 
14  6 12 13  4 17 17 20  5 14 15  1 13  9 13 17  9  4 11 15 10 18  9 15 12  5  6  7 16 16  5 13  0 11 17 15 12  5 14 20  5 11  7 20  3 11  5 13 14  4  1 10 11  6  4  3 11  4 12 17  3  4 18  5 19 13 13 13 20  4  2 15  2 10  3  2 16 15  3 10 18 20  5 16 10  2  3  5  8  1  1 18 14 16  5 11 17  9 12 16 
13 17 15  2  2 13 10 14 19 17  3 15  3  5  4 14  2  5  7 10 14  6  1 11  5 13 11  7 11  3  9  5 11  0  6  9  3 11 14  7 13 17  7 12  9  7 11  5  9  3  7  9 18  6  6  2 10 20 17 10  2 20  6 15  6  4  2 12 17 14 19 10  9 11 11 14  3  9 16  7 17 14  1 17 11  3 16  7  6 11  8 19 14 13 18 14 14 12 19  6 
17 18 14 11 18  2 14 10 15 12 14  9 17  3  2 13  8  4 18  2  7  7  7 16  4 10 10  6  9 12 20  5 17  6  0 18  2  3 14 20 19 12 12 18 17 19  3  9  7  7 14 14 11 13 20  5  9 20  7 13  7 16  4 17 14 14 17 14 15  9 20 13  8 15  7 10 13  8 18 16 14  7 17  4 13  3 16 18 20  1 12 19 14 14  5  2 14 19  8  7 
19 12 17 17 12 19 14  6  7 13 20 13 15 17 12  8 16 17 19  5 17 10 13  5  8  6  5  5  9 11  8  1 15  9 18  0 10 11  3  7 18  7  5  5 13 20  4  9  8  7 16  3 14  4 13  7 15 11 16  9 18  5  3 19  6  8 20  2  3  6  8 18 13  8 14 12 17  9 12 10 12  5  7 12  4 13 17  6  1 10 16 20  1 11 11  9  8  7 16  8 
16  5 14 14  5 18 17  7 20  3 12  1  2 15 20 17 15  8 10 17  7 18  4 11  5  6 19 12  6 11 14 18 12  3  2 10  0  4 16 16  6 13 12  1  7  3 11  3  8  1 14 17 16 19  1 10 13  1  4 19 12  3  8 17 18  6  7 15  7  3  8 12  9  7 10  6 13 14  7 15  9 18  4 18 20  4  2 12  1 19 10  1 10 19  4  5  8  7 11  4 
 3 15  9  9  5 19 18  1  8 11  5 15 20  2 12  1  5  5 11  5  6  2 13 17  6  9  8 10  5  5 18  4  5 11  3 11  4  0 19 18  3 11  1  1  1 20  9 11 11  8  9 17 14 19 14 18  6  2 13  3  4 15 14 18 20 15  8  3  9 13 13 17 12 19  5  6  2 12 10  8 18  1  1 11 19  8  4  1 19  3  8  7 14 16 11 18  5  5  5  6 
 1  3  3  8 18  4 15 18  8  2  8 11  1 20 10  1  2 11  2 10  8 19 14 14 18  5  2 13  5  6 12  9 14 14 14  3 16 19  0 17 11  1 17  8 18  8 10 18 13 16 14  7 18 19 14  9  4 16 18 17  4 11  4  7  2  7 19  8  8 19  5 13 11  6  1  8 20 11 10  5 18  8 19 14 13 19 14  3 19 14  2 13  8 19  9  8 12 17 11  1 
 8 11  7  4 16 11 13  4 10  1 16 14  4  7 12  2 14 17  6 19 10 11 11  3 12  6  4 16 18  6 20  5 20  7 20  7 16 18 17  0  4  4  4 12  9 17 18  6 11  6 12  6  3  2 14 11 10 19  7  3 19 10 13 14  4 15 11  7  9  8  9 11 15 16  2 20 15 16  4  7  2 15  3 18 10  6  6  4  1  2  2  1  8 17 19 19  2 18 11  8 
10 18 18 17  5  1 19 10 18 17  7  7  5 19  2 14  6  2 13  3  5 11 20 16 18 16 10 13 17 19  3 20  5 13 19 18  6  3 11  4  0 13  4 12  1 13 18 16 17  2  7  8 10 13  6  3 14 17  7  7 19  3  5  6  1 14 12  6 13  9  1  1 20  6  9 12  3  2  1 15 12  6 15 15 12  3 12  7 16  6 14 18  4 13 13  2  3 10 12  2 
 7  6 20 15 20  7  2 16 17  1  2 10 14  4  8  5  9  3  7 20  6  4 15 19  8 19  8 16  1  2  2 15 11 17 12  7 13 11  1  4 13  0  1  3 12 10  8  2  4 11  3 15 16 15  9 18  9  5  9 17 12 15 20  4  4  3  8 11  1 16  8 16  8 20 14  2  7 10  2  3 19 12  9 13  6 12 20  6 13  4  5 17  1 15 13 10  1  5  3 13 
 7 11  3 18  8  3 11 18 17  9  6  9  4 17  4  1 17 16 18 10  7 10 14  1 10  7 14  9  7 13  7 10  7  7 12  5 12  1 17  4  4  1  0  7 14 17 16 17 18 12 17 16 10  4  9  4 13 16 18 20  1 20 11 15  3  7  9 16 15 15 12 11 17  9 18 17  1 18  5 11  7  8  8 11  5 11 19 10 13 10 18 10 19 19 19  2  5  2  4 17 
12 13 15 11  8 18 16 18 18 15 14 17 18 18 16 19 11 14  4 13  9 13 10  1  5  8 15 12  4 11 13 19 20 12 18  5  1  1  8 12 12  3  7  0 19  4  9 20  4  6 16  6  6  5 20 15 20  3 12  6 14  3 14 15 19 11  8 13  4 20 20 16  8 14 20 17  1 18 10 18  5  9 10 12  9 10  5  5  8 20  4  5 10  7 10 15  1  2  2  6 
16 19  7 10 11 11  6 19 19 14  7 20 14 10  7  4 16 11 12 11 13 20 10  8  2 12  2  7  6 19  8  8  3  9 17 13  7  1 18  9  1 12 14 19  0 15  1  5 13  7 17 10  2  1 20  9 19  1  4  3  3  6 20  4  8 11 16 20 15 14  5 20  1  2 13  1 18 10  2  3  3 20 10 19 19  4 14 18  8 14 16 15 13 18  6 11 11 15 13  1 
20 12 18  7 11 16  1 10  7  6 14 16  7 15 15  3 17  7  3  8 19 19 16 14  5 11  3 11  5  8 20 11 11  7 19 20  3 20  8 17 13 10 17  4 15  0  5 16  6 10  2  8 12 11  8  1  2  9  5 13 15 20 11 15 10 13  4  2 14 15  5 13  1 14  7 14  2 15  5 15  1 17  3  5  6  5  1 20 16  9  3 17 19 10  4  3 13  1 12  1 
 8 13 17 11 19  2  8 12 16  2  8 13  3 13  2 18  1  7  8 16  2  4  6 13 18 16 11 12 15 13 20 11  5 11  3  4 11  9 10 18 18  8 16  9  1  5  0  1  4  7  2 10 18 14 14  6  1 15 19  1 15  5 14 16 18 16 11 20 13 14 18  6 18  7  2 15  4  3 17  9  2  9  9 18  8  5  5 11  3  6 10 18  6  1  9  4 15 15  1 11 
 6 19 14 15 20 14 19 10  7 19 15  2 12 18 10  9 17 20  7  4  5  6 16 20  1  1 14  7  3 19  6 20 13  5  9  9  3 11 18  6 16  2 17 20  5 16  1  0  3 10 11  4 16  6 10 19 17 11  5  6 17 15  5 13 10  8 14  4 18 18  9  2 12 12  6 16  2 11  6 14 18 17 19  3 20 14 19  2  6  1 13 15 11 17  8 17  5  1  6  5 
 2  2 14  6  5 20 17 19  3 20 12  9 10 19  6  1 20  1  5  3 14 10  9  9  2  8 12 18 14 17  4 12 14  9  7  8  8 11 13 11 17  4 18  4 13  6  4  3  0 13 11 17 10  8  3  5 10  4 17  9 17 18  8 18 11 10  9 16  1  1 18  3  8  1 10  9  5 16 11  3 19  9  4  3 20  2 20 11 19 11  1  9 12 19 17 14  9 10 13  9 
 9 18  6  1  8  6 15 19 12 18  6 19  9 19  7  4 17 11  5  9 12 11 11  6 19  1 17  7 17 12 10 12  4  3  7  7  1  8 16  6  2 11 12  6  7 10  7 10 13  0 14 20 15 11  3 15  8  4 16 15  2  9 20  8 18  8 17  7  6 13 18 18  9  3  7 11 15 14 19 19 14 12 15 17 14 13  8  4  5 20 11 13 13 14  4 16  9  7 18  5 
14  5 11 20  5  1  3 20 13 14 10 16  8 18  6 10 19 13 19 16  4 15 16 15  2 16 19  7  2  5 19 17  1  7 14 16 14  9 14 12  7  3 17 16 17  2  2 11 11 14  0 15  8 12 10  8  3 14 18  7  6 15  1 12  4 15  3 18 20  3  4 18 13 15 20  5 11 11 13 12 13  5 20 17 13  9 20 18  4 14 20  7 20  2 12  1  7 13 19  1 
20 11 10  9 18  4 17  2 20 11  1 18 16  4 17 18 18 17  1  7 12 20 13 19  2 12  9 16 19  5  8 19 10  9 14  3 17 17  7  6  8 15 16  6 10  8 10  4 17 20 15  0 14 13  5 10 20  5 15  1  9 16 17  8 13  8 10  4 19 15  4 20 13  1  2  1 20  3  5 12  8 15 20  8 14 12 15  3 10  2  5 16 17  9 14 11 13 17 16 15 
 5 14 15 20 13 12 10  1  5 13 14  7 17  5 18 12 19 13  3  8 15 11  2 14 19  6 15 19  6 20  5 11 11 18 11 14 16 14 18  3 10 16 10  6  2 12 18 16 10 15  8 14  0 14 10  2  1 15 19  4 20 16 18  1 20 18 18  2 17 19  5 13  7  3  2  3  1  5 19 19 19 15 16 19 15  5  1 16  1  8 10  7  3 10  6  6  9 10  1  3 
20 19 18 17 11 20 14 13 18  8 12  2  4  6 15  2  8  2  1  7  5  8 17 14  3  7 13 20 11  4  2 13  6  6 13  4 19 19 19  2 13 15  4  5  1 11 14  6  8 11 12 13 14  0 16 12 10 10 11  8 10 20  5  6 10 20 13  6 18 16  7  4 18  9 12 18 15  1  3 10  5  9  2  5 11 10 17 15 20 20  5 19  9 13 14 11  7 13  3  6 
19  7 14  6 13  6  7 18 20 17 12  3 13  9 11 11 18 11  3 11 10  6  3  9 13  6  6 11 15 18 17  1  4  6 20 13  1 14 14 14  6  9  9 20 20  8 14 10  3  3 10  5 10 16  0  7  2  7  4  5 12 14 15 11 18  4 16  9  8  8 14 15 12  3 15  7 13 20 20 19 19 18  9 15 20  6 13  1  7  5 19 11  8 18 10  1 18 20  1 18 
14 17  3 13  2 14  4  6 14 13  6 12  7  4 10  4 12 10 20 15  2 10 18 20  1 19 14 14  4 10  6 20  3  2  5  7 10 18  9 11  3 18  4 15  9  1  6 19  5 15  8 10  2 12  7  0 18 15 10 19  5  1 13 14 18 15  4 18  3 16 17 17  5  6 15 12  5 18  6 19  6 13 20 20 10 18 15 13  6  8 20 14  2 11  5 18 14 15  6  2 
13 13 15  4 17 20 16 12  9 14  2 13 11 10 11  4  8  7  6 10 10 17 15 19  2  4  6 10 17 19 16 14 11 10  9 15 13  6  4 10 14  9 13 20 19  2  1 17 10  8  3 20  1 10  2 18  0  1  4 15 17 15  5  6  8 15 18  9  9  3  9 17  2 11  8 12 13  8 18  5  9 14 19  9  5  9  1 16 19 19  5 15 19 17 10  5 11  8 18  1 
19 19  5  3 18  7 10  2  9 12  5 11 20 16  7 13  5 16 20 10  3  3 11 16 11 20  7  5  9 10  7 16  4 20 20 11  1  2 16 19 17  5 16  3  1  9 15 11  4  4 14  5 15 10  7 15  1  0  8 17  7 10 13 20  5  2 15  4 17 11  5 19  3 13 16 12 13  7 20  6 14  1 14 17 17  9  9  6 10  6 13 17  3 12 14 13 12 16  8 18 
 4  5  7  2  7  8  5  5 17 20  8 19  5 12  1 11 16 14 12 16 13 10  4 11 11 10  5 13 12  2  2 19 12 17  7 16  4 13 18  7  7  9 18 12  4  5 19  5 17 16 18 15 19 11  4 10  4  8  0  5 16 19 16  8 18  4 19  5 20 20 18  4 17 10 16 20  9 19 16 13 12  7 18 15 10 19  1 15  6  5 14 16  2  2  9  7 19 15 14 14 
10 11 18  1 10  1  3  4  6 20 14  1 19 16  2 10  1 15 14  6  7 12 13  5  2 12  8 12  8 10  5  5 17 10 13  9 19  3 17  3  7 17 20  6  3 13  1  6  9 15  7  1  4  8  5 19 15 17  5  0 15 12 19  1 10 15  4 19 16  4 13  6 15  4  9 11  7  7 15  7  1 10  3  5 18 19  9 13 15 20 18 16 14 18 20  3 12 12 11 15 
10  7 10  9 15 13  8  7 15 10 12  2 10 12  7 13  2  8 13  6  8  3 14 11  8 13 10  1 13 11  9 11  3  2  7 18 12  4  4 19 19 12  1 14  3 15 15 17 17  2  6  9 20 10 12  5 17  7 16 15  0 14 20 17 16 18 10  1 20 14 12 12  6 12 18 18  1 20  4 10 17  6  2  8  5  2 13 20 20 20  3 19  5 10  1  5 13 16 17 18 
 6  9  8 17 14  9  8  1 20 11  5  9 18 19  1  9  8 17  8  2  7 11 11  8 15 14 11  1  3 20  9  8  4 20 16  5  3 15 11 10  3 15 20  3  6 20  5 15 18  9 15 16 16 20 14  1 15 10 19 12 14  0 16 19 17 14 12  8 16  1 11 15  5 10 17 20 15  8  3 18  3  5  2  7 17 18 17  2 19  4  3  9  4 13  6 15 17 13 16  1 
20  1 15  2  7  3  8 17 19  3  1  1 11 11 18  4  7  5 16  2 17 12  2  7  9 19  6 11  1 18  8 16 18  6  4  3  8 14  4 13  5 20 11 14 20 11 14  5  8 20  1 17 18  5 15 13  5 13 16 19 20 16  0 18  8  8 17  6 13 14  2  3  7  1  7  3  1  2 16  4  9 18  7  6 15  5 18 11 18  5 19 19 12  3 12 19 18  9  5 11 
18  2 20  6  8  2  6 14  3  9 20  1  3 20 20  1 11  2  5 20 13  3 10 19  8  3  8  3 11  8 14 13  5 15 17 19 17 18  7 14  6  4 15 15  4 15 16 13 18  8 12  8  1  6 11 14  6 20  8  1 17 19 18  0 17  1 16  7  7 16  6 20 12 18 15  4 14 16 14 16  1 17 10  8  2  7 13 20 13  5 10 17 10  6  3  7  5  9  2  9 
 6 16 19  7 14 13 16  6  9  1 12  8 20  2  7  2 12 10 15  4  4 10 17  1  7  3  8 18 20  8  4  1 19  6 14  6 18 20  2  4  1  4  3 19  8 10 18 10 11 18  4 13 20 10 18 18  8  5 18 10 16 17  8 17  0  4 14 17 13 13  3  1  4 12 11 12 14 10 11 19 10 13  6  7  5  1 12  9  3  7  7 14  7  8  8 18 13  5  8  5 
13 14  5 10 14  6 13 11  6 20 14 17  3  8  7  7 14  5  2 14  2  8  9 13 11  8 15  4 14  5 20 16 13  4 14  8  6 15  7 15 14  3  7 11 11 13 16  8 10  8 15  8 18 20  4 15 15  2  4 15 18 14  8  1  4  0 20  6 12 16 20 18 18  9 13  8 14 13  9  2 11 13  8  1 16  9  8 10  7 18 12 14  1 10 19  2 11  5 16  1 
 4  9  3 11 15  6  6 20 20  4 19 13  9 10 13  9  1  9 14 20 18 11 14 14 10 15  5  6  7 20  8  5 13  2 17 20  7  8 19 11 12  8  9  8 16  4 11 14  9 17  3 10 18 13 16  4 18 15 19  4 10 12 17 16 14 20  0  9  5  9 14 10 15 18  9 14  5 19  5  8 19  7  8 13  9 16 14  4  1 12 14 11  5  8  4 16 13  4 16 11 
 6  7 11 12 10  7  8 18  3  4 10  2  7 10  3 12 18 10 15 13  9 13 10 12  2  1  2 19  6  6 15 12 13 12 14  2 15  3  8  7  6 11 16 13 20  2 20  4 16  7 18  4  2  6  9 18  9  4  5 19  1  8  6  7 17  6  9  0  9  9  7 17  4  1  9  2 13  2 14 12 16 17  5  3 16 16 12 14 14 19  1  1  2  4 12 19 19 20 14  9 
 3  8  7 16  5 18 17 10  2 10  8 10  1  5 15 14 18  7 17  1 19 12 10  9  5 10 18  4  4  1  8 17 20 17 15  3  7  9  8  9 13  1 15  4 15 14 13 18  1  6 20 19 17 18  8  3  9 17 20 16 20 16 13  7 13 12  5  9  0  9  6  9 10  8 17  5  1 12 17 16  3 13 11  1 15 16 15 10  8 17  5  2 19 20  3  1 12  8  7 19 
20  3 13  2  8  9  3 14 19  9 16  1 16 15  7 15  4  9 11 12 18 19  1 19  7 13 19 16 15 15 20 17  4 14  9  6  3 13 19  8  9 16 15 20 14 15 14 18  1 13  3 15 19 16  8 16  3 11 20  4 14  1 14 16 13 16  9  9  9  0 16 15  3  9 12 17 14 18  4 19 14  4 13  4  1  6 15 11 17  4 13  8 10  7 17  8 16  1  9 17 
10 17  7  8 20  4 13 17 12  5 11  5  2 15 17 19  8  2  5 14  3 16 12  2 20 15 15  5  9 14 14 13  2 19 20  8  8 13  5  9  1  8 12 20  5  5 18  9 18 18  4  4  5  7 14 17  9  5 18 13 12 11  2  6  3 20 14  7  6 16  0  9 10 12 19 18 18 18 18 18 13 12 20  4  2 10  9 12 11  1 11  3  8  9 13  1  6 18  3  7 
 8  9  4 14 14  6  2  5  6 14 14  3  2 10 20 11  4 20 11  1 10  1  1 19  2  3  5  4 15  8  1 17 15 10 13 18 12 17 13 11  1 16 11 16 20 13  6  2  3 18 18 20 13  4 15 17 17 19  4  6 12 15  3 20  1 18 10 17  9 15  9  0 11 14 10  4 11  7 12 17 17 18  8  3  6  7  3  9  4 14  8 20 19 14  3 15  8 19 13  2 
 5  5  9  7  8  2  9 18 10  7 15 15 12  9  8  5 18  4 13 12  1  3 11 10 19  8 15 16  6 19  7  4  2  9  8 13  9 12 11 15 20  8 17  8  1  1 18 12  8  9 13 13  7 18 12  5  2  3 17 15  6  5  7 12  4 18 15  4 10  3 10 11  0 18  1  6 10 14 10  3 19  7 19 12  7  1 19  7 15  1 17 19 20  2  5  9 18  7 16 11 
 1  5 12 16 13 19 13  5 16  7 14  4  4 20  8 17 17  8 19  2  8  5 20 13  1  6  3  9  5  7 16  8 10 11 15  8  7 19  6 16  6 20  9 14  2 14  7 12  1  3 15  1  3  9  3  6 11 13 10  4 12 10  1 18 12  9 18  1  8  9 12 14 18  0 12 20 12  2 13  6 17 12 19 17 13 18 20 20  1 10  4  5  1 13 12  3  5 18 10  5 
14  1 19 10 11 12 13 19  2 20 19  6  1 11  7 14  2 14 14 11 13 15  1 16  3  3 17  9 13 15 14 20  3 11  7 14 10  5  1  2  9 14 18 20 13  7  2  6 10  7 20  2  2 12 15 15  8 16 16  9 18 17  7 15 11 13  9  9 17 12 19 10  1 12  0  9 10 10  6  6 13  2  2 19 13  6 14 11  9  3 12 13  4 12  1 18 11  9 20  1 
 3 13  8  3 18  6 17 18  1 17 16  7  4  9 10 13  4  3 20  6 18 13 18 13 14  9  1 16 15 17 20 13  2 14 10 12  6  6  8 20 12  2 17 17  1 14 15 16  9 11  5  1  3 18  7 12 12 12 20 11 18 20  3  4 12  8 14  2  5 17 18  4  6 20  9  0 15  9 20 20  4 12 15  4  3  7  4  8  6 20  7  4 20 15  7 20  6  8  9  2 
 2  5 10 13 11  6 11  5 14 10 19 19  8 17 10  4  8 17 12 18 16 14 19 19 20 17 16 13  9 13 10  8 16  3 13 17 13  2 20 15  3  7  1  1 18  2  4  2  5 15 11 20  1 15 13  5 13 13  9  7  1 15  1 14 14 14  5 13  1 14 18 11 10 12 10 15  0  4 16 15 19 17 11 19 14 15 18  8 13 12 15 20 17  2  8 17 13  7  7  4 
15 18 16  5 15  6  7 20 13  1 17 12  9  2  9 18 17  2 18 19  9  8  9  6 14 14 19  9 19  6 12  4 15  9  8  9 14 12 11 16  2 10 18 18 10 15  3 11 16 14 11  3  5  1 20 18  8  7 19  7 20  8  2 16 10 13 19  2 12 18 18  7 14  2 10  9  4  0 20 14  6  4  5  4 17  1  5  3  4 13  9 19  9  9 10 13 12  5  6 17 
16 15  6 11  3 19  1  2 10  5 19  8 15 18 18 17  2 16 15  1  8 16  5 12 13  1 18  2  3  6 17 19  3 16 18 12  7 10 10  4  1  2  5 10  2  5 17  6 11 19 13  5 19  3 20  6 18 20 16 15  4  3 16 14 11  9  5 14 17  4 18 12 10 13  6 20 16 20  0  9 12  4 18 10  1  6 10 11 20 19 16 20 19 19  8 17 13 14 13 12 
 3 10 11 16 10  1  7 20  7  1  9 15  2 10  8 15 18 13 10  1  3  7 12 18  9 10 13 10  8 11  2  3 10  7 16 10 15  8  5  7 15  3 11 18  3 15  9 14  3 19 12 12 19 10 19 19  5  6 13  7 10 18  4 16 19  2  8 12 16 19 18 17  3  6  6 20 15 14  9  0 20 13  7 11 10  1 20 13  8 11 20  5 16  4 12  2  1  4 10 16 
14 17  6 20 11  4 11 11 19 16 19  2  7 16 18 19 20  3 16  9 19  5  7  1 17 11 10  3 18  2 19 16 18 17 14 12  9 18 18  2 12 19  7  5  3  1  2 18 19 14 13  8 19  5 19  6  9 14 12  1 17  3  9  1 10 11 19 16  3 14 13 17 19 17 13  4 19  6 12 20  0 10  6 20 16 14  7 20 17  8 20 12  8 10  9 17  1  7  1  5 
19  6 14  1 14 13  8  4 11  3 11 13 16 12 18 16  6 11 13  7 18  4 16  8 15 11  9 19  7 17 16  5 20 14  7  5 18  1  8 15  6 12  8  9 20 17  9 17  9 12  5 15 15  9 18 13 14  1  7 10  6  5 18 17 13 13  7 17 13  4 12 18  7 12  2 12 17  4  4 13 10  0  2 20 20 17  5  7 10 19  4 19  3  5 18 16 10  3  1 16 
14 17 16  9 11 12 10 15 11 13 11 10 12  7 10 15  3 10 13  8 14 18 12  7 12 17 13 16 10 16  2 11  5  1 17  7  4  1 19  3 15  9  8 10 10  3  9 19  4 15 20 20 16  2  9 20 19 14 18  3  2  2  7 10  6  8  8  5 11 13 20  8 19 19  2 15 11  5 18  7  6  2  0  1  7 20 20 16 12  3 12  8 15 13  5  7 12 11  8 11 
11 18 18 17 11  2  4 13 19  6 13  5 11  2  2 12 11  8  1 18 12  8 20 15 13 17  9  2 15  8 15 14 16 17  4 12 18 11 14 18 15 13 11 12 19  5 18  3  3 17 17  8 19  5 15 20  9 17 15  5  8  7  6  8  7  1 13  3  1  4  4  3 12 17 19  4 19  4 10 11 20 20  1  0  8  2  1  8  5 20  3  1 10 11 12  4 11  3 16  4 
 1 14 11 19  6  7  2 11 11 11 14 15 19 18  4 16  7 19  1  5  7 17 13 15 12 17  5  6  8 15  1 14 10 11 13  4 20 19 13 10 12  6  5  9 19  6  8 20 20 14 13 14 15 11 20 10  5 17 10 18  5 17 15  2  5 16  9 16 15  1  2  6  7 13 13  3 14 17  1 10 16 20  7  8  0 18  2 14  8 13  3  7  2 17 20 12  3  8 18 14 
 9  8 13 20 18  1 12  7  1 15 13  1  6 15  7 14  5 20 10 12  8  9  5 17 19 17  5 13 19 18 13 16  2  3  3 13  4  8 19  6  3 12 11 10  4  5  5 14  2 13  9 12  5 10  6 18  9  9 19 19  2 18  5  7  1  9 16 16 16  6 10  7  1 18  6  7 15  1  6  1 14 17 20  2 18  0  2  4  3 11 10 14  1 10  6  1  6  1 14 17 
12 15 14  8 10 15  1 14  4 19 16  9 11  4 13 10  6 11 15  4 19  6  3 14 14 10  3 16 19 11  7 14  3 16 16 17  2  4 14  6 12 20 19  5 14  1  5 19 20  8 20 15  1 17 13 15  1  9  1  9 13 17 18 13 12  8 14 12 15 15  9  3 19 20 14  4 18  5 10 20  7  5 20  1  2  2  0 10 16  2 13  4 13 12  1 18  3 20  5  9 
 8 14  5 19 19  6 12 12 11 13 19 12 12  8 19  6 17 17  5 15  5 18  2  6 18  1  2  7  5 11  2 20  5  7 18  6 12  1  3  4  7  6 10  5 18 20 11  2 11  4 18  3 16 15  1 13 16  6 15 13 20  2 11 20  9 10  4 14 10 11 12  9  7 20 11  8  8  3 11 13 20  7 16  8 14  4 10  0 17  4 12  5 18  9 17  3 15  3  4  5 
20 20  6 11  2 11  2  3 10  4  3 13 13  8 13 13 13 13 14 17  2 12  4 18 17 16  8 17  4  7  9  6  8  6 20  1  1 19 19  1 16 13 13  8  8 16  3  6 19  5  4 10  1 20  7  6 19 10  6 15 20 19 18 13  3  7  1 14  8 17 11  4 15  1  9  6 13  4 20  8 17 10 12  5  8  3 16 17  0 19 11 19 15  5  3 17  9 18  1 16 
13  2  3  9 19 12  3  8 16  8 20  2  5 16  2 19  1  9 19 20  9 20  2 14  2  9 18 16  4  4  3  3  1 11  1 10 19  3 14  2  6  4 10 20 14  9  6  1 11 20 14  2  8 20  5  8 19  6  5 20 20  4  5  5  7 18 12 19 17  4  1 14  1 10  3 20 12 13 19 11  8 19  3 20 13 11  2  4 19  0 15 20  4 15  2 10  5  5  7  4 
11  5 10 13  1 20 16 18 16  7 18  7 19 15 14  6 12 14  5  3  9  3 12 18 10 15 16 20 20 14  3  4  1  8 12 16 10  8  2  2 14  5 18  4 16  3 10 13  1 11 20  5 10  5 19 20  5 13 14 18  3  3 19 10  7 12 14  1  5 13 11  8 17  4 12  7 15  9 16 20 20  4 12  3  3 10 13 12 11 15  0  1 20  9 11 16  8 19  1  4 
19 18 10  5 18 11 19 14  7  4 12 13  4  1  6  2  3 10 14 15  2 11 13 20 13  2 13  2  3  9  3  8 18 19 19 20  1  7 13  1 18 17 10  5 15 17 18 15  9 13  7 16  7 19 11 14 15 17 16 16 19  9 19 17 14 14 11  1  2  8  3 20 19  5 13  4 20 19 20  5 12 19  8  1  7 14  4  5 19 20  1  0 19 19  4  9 19 10 16 16 
 1  4  8 18 18  8  4 17  9 13  2  7 11 20 18 15  7  9  3  4 14 20 19 15 16  8 13 18 19  6  9 12 14 14 14  1 10 14  8  8  4  1 19 10 13 19  6 11 12 13 20 17  3  9  8  2 19  3  2 14  5  4 12 10  7  1  5  2 19 10  8 19 20  1  4 20 17  9 19 16  8  3 15 10  2  1 13 18 15  4 20 19  0 10  9 19  3 10  1 14 
17 16  2 12  9  7  6  6  4  6  2 12  4  6 19  2  8  5 11  4  7  7  4  3  1 13  4 12 16 20 17 19 16 13 14 11 19 16 19 17 13 15 19  7 18 10  1 17 19 14  2  9 10 13 18 11 17 12  2 18 10 13  3  6  8 10  8  4 20  7  9 14  2 13 12 15  2  9 19  4 10  5 13 11 17 10 12  9  5 15  9 19 10  0  8  9  2  2  1  4 
11 16  8  9  9 20  1 19  2 16 20 17 14 12  5  7  4 20  8 19  8  5 17 15 16 13 13 15 16 11  8 12  5 18  5 11  4 11  9 19 13 13 19 10  6  4  9  8 17  4 12 14  6 14 10  5 10 14  9 20  1  6 12  3  8 19  4 12  3 17 13  3  5 12  1  7  8 10  8 12  9 18  5 12 20  6  1 17  3  2 11  4  9  8  0 10 10 14 16  6 
18 17 12 17 19  6 20 16  4 16  4  1  7 16  7 15 15 10  5  9  7  9  4 18 14 16 14  4 12  2 16 19 11 14  2  9  5 18  8 19  2 10  2 15 11  3  4 17 14 16  1 11  6 11  1 18  5 13  7  3  5 15 19  7 18  2 16 19  1  8  1 15  9  3 18 20 17 13 17  2 17 16  7  4 12  1 18  3 17 10 16  9 19  9 10  0  8  1  5  1 
16 20  5  7 15  6 10 11 18  9  5 18  8 11 18 19 11 18 12  5  4  7 10 11  3  2 19 13 13  6  7  5 17 14 14  8  8  5 12  2  3  1  5  1 11 13 15  5  9  9  7 13  9  7 18 14 11 12 19 12 13 17 18  5 13 11 13 19 12 16  6  8 18  5 11  6 13 12 13  1  1 10 12 11  3  6  3 15  9  5  8 19  3  2 10  8  0 12  3 20 
18 19  3 15  1 12  1 11 10 19  3 13  7 14  7 11  7  2 12  4  5 15 17  2 19  8 17 17 13 17 15 18  9 12 19  7  7  5 17 18 10  5  2  2 15  1 15  1 10  7 13 17 10 13 20 15  8 16 15 12 16 13  9  9  5  5  4 20  8  1 18 19  7 18  9  8  7  5 14  4  7  3 11  3  8  1 20  3 18  5 19 10 10  2 14  1 12  0  8 11 
13  7 14 10 15  2  1 14 18 19  4 17  4 15  1 16 14 15 18 12 17  9  8  6  7  8 16 10 19 14  2  4 12 19  8 16 11  5 11 11 12  3  4  2 13 12  1  6 13 18 19 16  1  3  1  6 18  8 14 11 17 16  5  2  8 16 16 14  7  9  3 13 16 10 20  9  7  6 13 10  1  1  8 16 18 14  5  4  1  7  1 16  1  1 16  5  3  8  0 11 
 2 15 11 19  5 11 14  3  4 14  1  9 16 17  2  1 17 17 16 10  9  1 16 20 17  1 11  9 11 10  1  4 16  6  7  8  4  6  1  8  2 13 17  6  1  1 11  5  9  5  1 15  3  6 18  2  1 18 14 15 18  1 11  9  5  1 11  9 19 17  7  2 11  5  1  2  4 17 12 16  5 16 11  4 14 17  9  5 16  4  4 16 14  4  6  1 20 11 11  0 

0 30 17 37 16 23 48 27 14  8 12 19 37 43 23 15 34 33 26 34 36  4 37  7 29 34 28 22 46 19 46 38 39 23 37 16 19 48 29 34  5 21 37 47 13 43 41 37 24  8 15  4 12 31 37 26 21  2 22 44 49 48  6 15 17 48 23 50 33 40 39 22 47 22 33 36 22 29 10 33 48 20 39  4  5 16 11 27  8  3 38 28 12 23 17 42  7 24  6  5
30  0 15 27 10 27 46 48 27 46 37 26  9 12 26 39 10 28  9 45 49  1 30 42 37 45 13 38 14 26 12 25 31 48 20 33 24 25  4 46  4 20 31 31  5 50 43 49 35 20 48 30 12 10 30 27 41 41 33 20 41 38  7 48  7 32 26  7 13  7  5 49  8 14 40  1 39 11 30 47 18 37 43 22 28  2  9 29 33 22 13 24 50  3  9 27  8 37 39  7
17 15  0 42 29 35 48 40 28 32 24 44  2 18 27  3 22 20 14 32 44 10  6  8  2 18 48 34  6 30 36 32  2 39 24  6 42 10 41 31 39 22 34 40 43 24 15 31 29  4 25  6 38  3 48 45 36 14 46 49 17 40  2 31 26 36 43 36 47 38 41  4  8  6 31 22 11 17  4 20 24 42 45 41 14 49 36 13 46 36  1 22 39 48 38 36 24 26 19  6
37 27 42  0 29  4 49  8 45 26 39 13 16  4 35  5 19 34 47 35 41 13 38 45  5 44 32 47 38 32 16 12 36 18 33 32 17 32 13 12 35 16 34 17 44 30 34 15 46 24 20 29 16 26 37 26 38 10 17 38  6  9 28 46 38 19  4 24 39 29 30 39  4 43 43 12 16 18 18 39 17 46 43 23 21 34 14 29 17  9  6  7 40 48 14 35 49 32 36 44
16 10 29 29  0 45 34 12  9 40  7 24 26  2 49 23 45 33  8 36 13 17 37 11 32 37 49 33 13  8 20  5  4 31 32 24 16 47 27 31 13 30 50  8 23 37 32 49 18 36 42 20 33 14  9 12  2 15 38  3 15 23 24 31 38 25 29 14  6 18 47 32 49 28 20 22 38 23  6 44 14 49  9 17  7 36 16 37 48 47 22 49 27 47 43 22 46 28 44  9
23 27 35  4 45  0 20 42 32 41  7 24 31 35 22 18 28  3 49 20  2 22 18 33 28 47 15 46 49 20 43 33 21 25 29 48 49 33 43 25  3 28 29 39  4  3 12 32 26 17 17 34 10 19  3 34 46 23 45  9 12 24 40 39 43 41  4 34 14 38 36 35 14 33  6 10 49 11 17 22  2 33 33 12 26 12 28 29 31 47 46 13 19 23 49 49 20 26 20 37
48 46 48 49 34 20  0 38 39 14 35 48  6 11  7  6 31 37 12 33 50  1  9  4 35 48 25 18 44 34 14 40  8 20 37  8 38 15 34  9 31 27 20 18  4 48 43 15 10 50 20  7 50 24 17 39  4 29 47  6 40  5 20 10 30 42 37 31 25  2 33  5 47  7 28 37  1 12 12  9 27 39 18 15 25 37 24  8 36 28 32 28 17 18 37 41 39 18 33 46
27 48 40  8 12 42 38  0 37 29 25 43  4 24 26 23 40 16 34 21  6 43 19  2 25 42 21 41 23 10  8 41 35  4 46  6 43 14  9 10 31 32 38 40 13 12 12 36 40 45  4 21  7 45 17 29  5 28  1 43  5  6 40 16 34 43 18  1 11  7 16 26 12 32 24 41 40  4 24 23 34  6 16 30 41 19  1  6 15 44  3 18 21 15 23  9 10 25 13 22
14 27 28 45  9 32 39 37  0 45 45 27 21  5 19  1 12 18  9 25 14 35 10 39 13 44 29 48 17 16 43 15 28 35  6 29 25 19 30  9 18  5 46  6 34 29 22 11 30 37 20 40 37 16 49 10 29 20 36 46 12 28 12 39 20  1 49  4 20 33  1 24 19 40 44 13 43 32 23 40  7 29 50 36 27  9 25 26 34 47 41 23 50 22 25 50 41 13  8 24
 8 46 32 26 40 41 14 29 45  0 13 43 50 36  4 45 37 26 45  1 30 32 13 35 34 20 31 25  1 21 44 11 24 41 20 10 26 17  2 18 22 18 12 20 21 32 16 39 49 11 32 16 25 47 33 13 50 27 29  8 25 28 31 12 14  5 48  1 34  4 37 22  4 21 31 36 24  4 19 10 37 29 36 39 28  9 33  6 24 24 13 19 13  3  4 36 16 28 28 15
12 37 24 39  7  7 35 25 45 13  0 13 45 15 10 24 30 24 36  2  3 21 31  2 25 10 20 44 25 44 26 39 34 21  7 11 30 32 44 24 31 26 31 41 18  8  4 27 11 11 16 21 25 40 30 29 32 20 36 49 30 13 33 12 41 29 47 40 25  8 29 27  5 47 11 33  6 11 14 34 24 43  4 23 46 17 21  9 23 13 21 29  2 33 29  9 21 41  5 40
19 26 44 13 24 24 48 43 27 43 13  0 47 46 25 21 23 18 31 27 42 41  8  5 20 25  8  9  9 31 46 16  9 10 26 33 35 44 17  3 22 27 10 48 24 31 23  6 44 25 30 21 24 28  5 44  4 39 32 20 41 19 37 48  4 20  1 12 13 19 14 37 18  1 30 25 19 39 19 16 29 11 42 48 50 49  6 43  5 46 29 49 14  8 20 38 20 23 27 46
37  9  2 16 26 31  6  4 21 50 45 47  0 14  3 34 32  3 37 19  8  7 47  3 38 15 13 21 47 14 24 21 22 31  9 29 21 13 33 13  3 47 20 40 25  9 17 15 35 26 11 26 20 33 12 27  4 46 16 13 33 27  2 11  9 38 38 31 22  8  6  6 14 33 23 13 37  4  7  7 37 14 37 24  1 38 20  8 30 39 21 19 43 17 19 10 46 23 22 17
43 12 18  4  2 35 11 24  5 36 15 46 14  0 29 33 29  2 19 35 19 20 13 19  6  2 23 32 22 18 35 34  4  4 42 12 28 17 39 49 29 22 21 46  4 32 29 23 40 25 47 20 42 14 21  7 29 11 44 18 18 26 50 40 14 27 28 44 39  4  5 16  9 43 21 31  1  1 23 48 29 50 14 50  6 37 33 30 24  4 30 43 25 11 43 49 13 16 23 40
23 26 27 35 49 22  7 26 19  4 10 25  3 29  0 34 28  6 23 32 45 25 23  4 25 41 24 23 11 14 14 28 39 21 47 41  2 44 11 41 20 32 13 49  2 28 37 44  3 16 14 24 28 43 13  1 43  2 38  7 38 15 49 31 31  6 24 28 33  3  1 24 24 46 39 21  3 20 21  9 20 36 27 39 19 36 14 27 10 45 17  5 49 31 28 43 15  7 19 28
15 39  3  5 23 18  6 23  1 45 24 21 34 33 34  0 44 45 37  9 36 34 39  2 44 18 44 26 30 45 46  2 14  5 39 44 23 37  5 39 28 50 15  1 37 45 38 29 37 23 10 46 27 12 43 49 27 45 12 39 17 17 27  1 44 25 42  9 28  9 42 41  8 30  7 46  6  3  8  8 50 21 39 40 15 31  8 39 34 45 16 25 45 40 13 12 32 17 37  5
34 10 22 19 45 28 31 40 12 37 30 23 32 29 28 44  0 26 48  7 33 15 48  3 29 27 42 10  8 23 27 16 49 27 11 35 48 28 45  3 21 50 14 21 36 32 28 44 12 40 10 23 35 44 32  4  3 28 16 15 29 17 35 24 33 32 34 46 19 35 37 18 35 36 28  4  5 14 22 32 47 40  8 34 35 40 49 47 43 32 28 33 28 20 38 14  5 14 33  9
33 28 20 34 33  3 37 16 18 26 24 18  3  2  6 45 26  0 10 11 50  8 28  3 42 13 38  8 11 49 42 30  7 47 14 11 36 43 23  8 28 39 47 45  9  2 25 13 17  9 32 29 46 16  3 17 48 39 32 25 45 33 23 39 38 19 15 44 25 19 31 26  7  4 10 24 12 30 29 33 48 29 22 46  5  1 45 42  3 29 20 19 16 44 13 12 41 18 48 43
26  9 14 47  8 49 12 34  9 45 36 31 37 19 23 37 48 10  0 44 15 48 23  2 42 20  4 19 48 20 34  9 30 14 45 26 12  9 24 27 19 18 39 12 11  2  2 39 25  7 43 26  4 30  9  9 30  2 38 10 39 30 13 21 44 43 21  6 41 19 18 11 11 27  6 41 42 31  4 36 35 11 28 31 13 43 14 15 41 25 17 47  6 46 16  6 26 39 11  2
34 45 32 35 36 20 33 21 25  1  2 27 19 35 32  9  7 11 44  0 48 33 29 41 17 43 30 26  1 16 35 24 15 31 21 35 14  1 17 10 27  6 11 24 27 31 29 25 46 14 10 26 30 37  7 45 10 26 34 30 24 15  7 14 25 32  7 32 17 25 15  9 46 43 41 35 21 21 18 36 22  7 50 18 28 18 47 40  2 29 43 11 21 48 45 33 50 25 50  2
36 49 44 41 13  2 50  6 14 30  3 42  8 19 45 36 33 50 15 48  0 25 45 33  9 24  2  3 23 12 46 37 36 27 19 34 46 21 26 17  2 10 34 18 13 48 15 46 33 12 50 36 28 45 34  7 23 16 21 22 20 42 26 15 17 16 13  4 10 50 39 32  8 45 19 38 24 34  8 43 47 45 46  3 12 33 41 38 27 10 31 21  4 25 46 41 13 10  2 17
 4  1 10 13 17 22  1 43 35 32 21 41  7 20 25 34 15  8 48 33 25  0 43  6 40 24 20 13 18 16 10  6  8 11 17  9  5 18 28 14 15 35 28  3 25 16  5 34  2  7  7 29 29 26 42 18 23 18 11 36 44  4 44 45 42 50 41 38 47  9  2 37 10 11 12 13 45 31 28 23 44  7 35 11 46 35 40 27  9  7 13 48 32  1  7 39 21 36 28 12
37 30  6 38 37 18  9 19 10 13 31  8 47 13 23 39 48 28 23 29 45 43  0 32  9 35 18 29 21  1 33 48  9  8 37 31  4 23 25 24 39 25 25 11 44 29 43 36  5  1 24 32  6 15 47 14 24 49 26 45  2 38 46 15 39 13 28 26 48 22 11  7 39 13 11 31 25  5 31 41 46  9 20  2 11 17 17  7  9 33 36 45 34 29  4 47  4 35 28 12
 7 42  8 45 11 33  4  2 39 35  2  5  3 19  4  2  3  3  2 41 33  6 32  0 44 21  5 15 23 22  3 33  8 17 34 14 17 45 34 43 31 42 27 24 39  3 38  4 30 44 18 33 28 45 19 18 26 11 13  1 20 26 37  3 40 36 23 41 28 50 12 24 31  8 20 21  4 39 46 16  9 15 43  4 39 40 43  1 30 16  7 38 47 38 24 16 28 44 46 31
29 37  2  5 32 28 35 25 13 34 25 20 38  6 25 44 29 42 42 17  9 40  9 44  0  5 21 20 46 14 46 33 42 18 28 10 11 50 19  9 35 35 11 27  6 39 23 16 44 29  2 44 28 40 26  3 29 48 43 42 20 21  9 47 49 30 31 38 16 45 28 10 26  4 15 27 18  4 29 47 12 42 43 11 22  6  1  5 50 12 41 11 45 42 48 40 18  9 12 34
34 45 18 44 37 47 48 42 44 20 10 25 15  2 41 18 27 13 20 43 24 24 35 21  5  0 18 42 43 26 40 37 26 15 46 14 14 40 14 37 12 19 20  6 15 18 38 40 48 45 45 28 35 23 40 12 34 37 36 45 16 19  9  7 27 31 35 37  5 27 50  6  7 13 38 40 15 13 28  8  9 18 44 30  7 18 31  8 22 12 44 17 32  3 46 21 10 11  2 36
28 13 48 32 49 15 25 21 29 31 20  8 13 23 24 44 42 38  4 30  2 20 18  5 21 18  0 22 34 26  2 45 20  3 45 23 20 46  5 25 24 15 36  7 20  8 21 20 27 25 18 38 14 10  6 46 45 10 18 39 36  8 21 31 17 15  3 31 35 26 17 42 24 44 13 37 39 48 11  2 25 28 13 11 34 11 33 15 11 38 27 46 38 49 26 49 39 34 26 37
22 38 34 47 33 46 18 41 48 25 44  9 21 32 23 26 10  8 19 26  3 13 29 15 20 42 22  0 13 17 41  8 27 49  6 16 41 10 25 32 29 10 40 29  4 38 44 44 21 22 33 27 39 17 35 20 48 37  3 36 29 14 22 48  7 44 46  9 38 44 31 26 34 26 25 20  5 40 45 16 40 19 40  9 11 19 39 29 33  8 10 38 29 48  7 19 39 32  5 11
46 14  6 38 13 49 44 23 17  1 25  9 47 22 11 30  8 11 48  1 23 18 21 23 46 43 34 13  0  1 50 44 47 36 15 38 18 30  1  5 30 31 37 15  4 22 49 43 48 10 18 48 13 32 22 10 39 28 15 42 17 21 18 48  7 48 24 13 35 23 17 49 24 38 15 12 42  5 32 38 17 32 39 10 44  6 45 11 46  7 38  3 33 13 10 21 16 30  4 25
19 26 30 32  8 20 34 10 16 21 44 31 14 18 14 45 23 49 20 16 12 16  1 22 14 26 26 17  1  0 42 14 49  5  2  6 41 45 49 41 23 22 29  7 10 13 50 22 49 21 14 10 17 13 37  9 31 12  8 23 36 30 12 41 40 35 13  1 50 14 12 20 29 10 28 41  7 33 12 30 50 23 20 21 19  9 49 20 27 43 25 50 13 30 25 38 32 41 12 10
46 12 36 16 20 43 14  8 43 44 26 46 24 35 14 46 27 42 34 35 46 10 33  3 46 40  2 41 50 42  0 29 47 38 21 43 40 18 19 47 49 10 19 39 37 44 29 10 42 39 26 12 37 44 37 39 49 36 22 17 22 46 33  6 29 43 48 26 47 48 43 46 12 17  7 29 21 40 33 49 13  9 32 36 25 18 42 15  8 13  6 21 35  7  4 30 33 14 38 15
38 25 32 12  5 33 40 41 15 11 39 16 21 34 28  2 16 30  9 24 37  6 48 33 33 37 45  8 44 14 29  0 25 37 44 10 34 28 39 13 19 18 34 45 13  1 25 11 25 23 19 21 46 18 17 43 20 16 38 13 13 30 12 48 28 15 12 37  6 36 11 33 40 13 38 24 37 17 35 48 49 31 38 35 40  2  3 10  8 42 23 26 38 32 36 32 11 30 19 24
39 31  2 36  4 21  8 35 28 24 34  9 22  4 39 14 49  7 30 15 36  8  9  8 42 26 20 27 47 49 47 25  0  4 38 12  9 14 16 14 29 37 26 14 33 32 44 11 18 47 46 12 42 19 31 11 23  4 30  9 32 50  8 43  3 22 27 35 16 29 38 34 19 38 41 17 48 18  3 50 49 45 49 11  5 39 15 24 43 41 43 19 24 10 10 36  1 23 47 35
23 48 39 18 31 25 20  4 35 41 21 10 31  4 21  5 27 47 14 31 27 11  8 17 18 15  3 49 36  5 38 37  4  0 22 20 34 35  5 22 14 35 22 12 36 21 44 10  3  5  2 16 30  1 31 48 32 36 39 20 17  4 47 44 38 24 45 20 34 16 48 26 25 25 29 10 11 11 21  3 43 32 24 32  9 38 17  2 15 44 19 45 16 42 16 24 50  5 29 47
37 20 24 33 32 29 37 46  6 20  7 26  9 42 47 39 11 14 45 21 19 17 37 34 28 46 45  6 15  2 21 44 38 22  0 43 44 15 40 44 25  6 33  9  6 47 25 16 37 25 10 32 14 40  5 15 34 20 50 10 23 10 48 47 22 40  3 31 40 15 43 44 33 25 16 34 40 13 45 45 20 46 17 43 31 15 26 24  1 40 49 48 17 48 18 32 15 35 20  2
16 33  6 32 24 48  8  6 29 10 11 33 29 12 41 44 35 11 26 35 34  9 31 14 10 14 23 16 38  6 43 10 12 20 43  0 42 31 14 32 46 42 44 22  3  6 11 10 22 24 44 45 33  2 48 16 47 28 49 20 25 30 39 11 36  8 29 19 34  9 28 41 18  2 42 50 16 48 16  5 32 19 47 38 26 36 20 38 24 14 32 29 33 48 46 32 35 20 25 44
19 24 42 17 16 49 38 43 25 26 30 35 21 28  2 23 48 36 12 14 46  5  4 17 11 14 20 41 18 41 40 34  9 34 44 42  0 30 49 11 12 13 38 35  8 16 37 37 44 20  6 47 35 12 43 22 35  4 48 42 26  8 44 21 44 17  5 49 22 33  1 48  1  4 24 13 43 49  7  7 38 48 20 31 17 27 13 35 17 22 29 21 41 24 38 26  5 24 22  4
48 25 10 32 47 33 15 14 19 17 32 44 13 17 44 37 28 43  9  1 21 18 23 45 50 40 46 10 30 45 18 28 14 35 15 31 30  0 22 21  2 20 12 23 30 20  1 31 30 23 32  2 29 18 24 12  9 31 30 25 21 46 44 37 41 31 19 24 49 30 20 28 26 49 45 44 24 21 43 14 32 10  7 11 37 20 47 37 25 14  3 41 42 17 40 31 41 21 16 14
29  4 41 13 27 43 34  9 30  2 44 17 33 39 11  5 45 23 24 17 26 28 25 34 19 14  5 25  1 49 19 39 16  5 40 14 49 22  0  9 12 31  3 29 39 10 24 48 18 39  9 14  6  7  4 18 37 43 19 36 27 14 16 42 48 13 14  8 47 41 34 47 23  7 13 29 27  5 22 41 36  2 31  7  5 21 41  7  5 17 42 33 39 25 27 39 29 10 17 18
34 46 31 12 31 25  9 10  9 18 24  3 13 49 41 39  3  8 27 10 17 14 24 43  9 37 25 32  5 41 47 13 14 22 44 32 11 21  9  0 47 14 43 23  9 11 35 36 29 48 16 12 12 21 29 43  1 19 40 31 46 28 24  2 38 32 15 22  5  9 39 31 39 37 34 33 46 45  1 35  4 15 38 40 18 27  8 33  6  2 14 36 29 13 19 11  7 48 38 29
 5  4 39 35 13  3 31 31 18 22 31 22  3 29 20 28 21 28 19 27  2 15 39 31 35 12 24 29 30 23 49 19 29 14 25 46 12  2 12 47  0 26 43 17  6 33 18 15 16 49 15 21 19 45 17 36 40 14  4 39 45 24 20 20 33 49 48 20 32 10 26 33  8 38 33 29 28 36 11 20 49 43 32 24  2 12 37 24 37  1 31 40 24  7 35 32 15  1 27 33
21 20 22 16 30 28 27 32  5 18 26 27 47 22 32 50 50 39 18  6 10 35 25 42 35 19 15 10 31 22 10 18 37 35  6 42 13 20 31 14 26  0 36 44  1 20 20 36 22  4 23 39 10 19 31 16 34 35 12 20 15 24 37 43 20  8 24 45 20 47 46 24 21 37 17  7 23 11 23 26  7 19 27 48 32  6 18  1 33 33 29 43 38 42  9 16 15 23  2 15
37 31 34 34 50 29 20 38 46 12 31 10 20 21 13 15 14 47 39 11 34 28 25 27 11 20 36 40 37 29 19 34 26 22 33 44 38 12  3 43 43 36  0 33 15 23 23 39 21 15 39 39 16 23 33 24 14 23 36 39  4 13 27 10 32  4 34 24 15 11 43 49 20  8 16 35  2 20 34 25 33 37 12  1 44 16 25 22 36 23 11 25 41 18 15 42 27 33 24  1
47 31 40 17  8 39 18 40  6 20 41 48 40 46 49  1 21 45 12 24 18  3 11 24 27  6  7 29 15  7 39 45 14 12  9 22 35 23 29 23 17 44 33  0  4  8 43 34 21  4 40 34 40 32 41 35 38 11 21  8 12 26 32 38  2  8 25 24 15 36 13 36 14 28 48 39 14 18 48 49 36 10 47 50 50 39 11 34 27 27 44 43 46 10  1 35 14 35 15 39
13  5 43 44 23  4  4 13 34 21 18 24 25  4  2 37 36  9 11 27 13 25 44 39  6 15 20  4  4 10 37 13 33 36  6  3  8 30 39  9  6  1 15  4  0 49  4 11 48 17  3 49 10 16 28 39 11 33 19 47 16 43  7 38  1 35 31 25 21 24 27 15  1 48 37 15 23 44 17 15 46 22 22 38 37 42 22 30 46 34 16 31 21  2 25 41 34 15 33  9
43 50 24 30 37  3 48 12 29 32  8 31  9 32 28 45 32  2  2 31 48 16 29  3 39 18  8 38 22 13 44  1 32 21 47  6 16 20 10 11 33 20 23  8 49  0  5  3 35 50 16 10 27 50  6 35 41 32 36 26 41 39 35  7 22  2  5 43 36 21 22 50 25 48 37 23 22 38 36 20 23  8 38  6 35 28 47 12 29 47 46 16 11  5 44 18 17 39 34 40
41 43 15 34 32 12 43 12 22 16  4 23 17 29 37 38 28 25  2 29 15  5 43 38 23 38 21 44 49 50 29 25 44 44 25 11 37  1 24 35 18 20 23 43  4  5  0 20 41 20 34 14 27 18 18  3  9 25 27  1 36 21 24 41 47 19 39 38  3 43 38 48  1 39 10 29 42 40 17 17 48 20 26 20 14 45 15  4 12 25  5 19 20 49  9 23 13 34 26 47
37 49 31 15 49 32 15 36 11 39 27  6 15 23 44 29 44 13 39 25 46 34 36  4 16 40 20 44 43 22 10 11 11 10 16 10 37 31 48 36 15 36 39 34 11  3 20  0 31 38 50 17 33 46 43 24 11 17  4 35 10 43 43  4  2 29  8 39 34 22 49 37 15 35  5 17 38 10  4 40  3 35 49 16 46 32 25 23  2 27 23 13  2 24 40 29 18 20 33  3
24 35 29 46 18 26 10 40 30 49 11 44 35 40  3 37 12 17 25 46 33  2  5 30 44 48 27 21 48 49 42 25 18  3 37 22 44 30 18 29 16 22 21 21 48 35 41 31  0 34 39 10 27 10 34 17 26 39 33 16 50 22 43 24 48 28 36 34 22  2  5  7 49 29 43  7 12 16 12 33 23  3 35 33 24 29 11 12 43 32 44 12 31 11 19  5 39 38  6  6
 8 20  4 24 36 17 50 45 37 11 11 25 26 25 16 23 40  9  7 14 12  7  1 44 29 45 25 22 10 21 39 23 47  5 25 24 20 23 39 48 49  4 15  4 17 50 20 38 34  0 40 15  1 24 13 39 42 49  9  8 24  8 13 42 49 26  1 43 14 47 42 32 29 28  7 27  6 39  9 48  8 12 18 20 18 40 33 13 21 45 49 46 30 23 15 11 47 43 37 15
15 48 25 20 42 17 20  4 20 32 16 30 11 47 14 10 10 32 43 10 50  7 24 18  2 45 18 33 18 14 26 19 46  2 10 44  6 32  9 16 15 23 39 40  3 16 34 50 39 40  0 31 45 23  1 25 43 39 27 16 32 29 13 36 22 41  9 48 33 49 21 45 22 20 12 19 24  8  5 45 35 44 40 19 34 33 30  2  2 22 22 41 37 33 22  3 22 23 13 12
 4 30  6 29 20 34  7 21 40 16 21 21 26 20 24 46 23 29 26 26 36 29 32 33 44 28 38 27 48 10 12 21 12 16 32 45 47  2 14 12 21 39 39 34 49 10 14 17 10 15 31  0 31  4 28 30 10 23 17 33  9  5  7  1 43 12 42 41  3 38 40  6 18 20 23  4 31 12 16 33 14 12 13 35 19 16 50 27 20 36 11  5 22 21  9 44 37 42  2 19
12 12 38 16 33 10 50  7 37 25 25 24 20 42 28 27 35 46  4 30 28 29  6 28 28 35 14 39 13 17 37 46 42 30 14 33 35 29  6 12 19 10 16 40 10 27 27 33 27  1 45 31  0  4 23 44 23 20 14 16 23 28 39  8 40 19 13  4 16 11  8 32 33 10 44 17 41  1 46  9 23 45 11 44  4 18 45 41 46 23 30 50  1  1 10 25  3 26  7 47
31 10  3 26 14 19 24 45 16 47 40 28 33 14 43 12 44 16 30 37 45 26 15 45 40 23 10 17 32 13 44 18 19  1 40  2 12 18  7 21 45 19 23 32 16 50 18 46 10 24 23  4  4  0 32 44  4 28 19 29 31 17 16 16 17 20  3  5 48 16 20 48 21  7  8 45 38 43 19 36  2 23 36 25 27 26 25 16 26 34 28 21 44 22 41 44 16  9 21 33
37 30 48 37  9  3 17 17 49 33 30  5 12 21 13 43 32  3  9  7 34 42 47 19 26 40  6 35 22 37 37 17 31 31  5 48 43 24  4 29 17 31 33 41 28  6 18 43 34 13  1 28 23 32  0 33  8 36 46 30 39 23 26 13  8 17 20 10 33 32 28 49 14 49 38 24  4 13 14 20 18 48 22 40 15 50  3 11 38 21 29 12 20  9 15 22 49 27 27 21
26 27 45 26 12 34 39 29 10 13 29 44 27  7  1 49  4 17  9 45  7 18 14 18  3 12 46 20 10  9 39 43 11 48 15 16 22 12 18 43 36 16 24 35 39 35  3 24 17 39 25 30 44 44 33  0 36 49 43  9 50  5 39 48  1 32 30 21 32 22 49 11 17 12 32 48 14 14  8 34 17 47 49 13 33 23 37 48  8 49  5 46  3 49 34  2 35 33 21 46
21 41 36 38  2 46  4  5 29 50 32  4  4 29 43 27  3 48 30 10 23 23 24 26 29 34 45 48 39 31 49 20 23 32 34 47 35  9 37  1 40 34 14 38 11 41  9 11 26 42 43 10 23  4  8 36  0 38 34 36 16  7 24 35 32  9  9 25 42 13 47  9 34  6 31 16 36 24 14 32 23 50 42 21 37 11 35 45 28 19 15 22  4 39 38 19 39 29 45 27
 2 41 14 10 15 23 29 28 20 27 20 39 46 11  2 45 28 39  2 26 16 18 49 11 48 37 10 37 28 12 36 16  4 36 20 28  4 31 43 19 14 35 23 11 33 32 25 17 39 49 39 23 20 28 36 49 38  0 12  1 41 18 27  5  6 26 21 41  1 41  6  2 44 43 40 10 14 49  3 27 26  6 24 19 37 25 24 17 29 46 34 24 44 22 24 23 35 41 11 44
22 33 46 17 38 45 47  1 36 29 36 32 16 44 38 12 16 32 38 34 21 11 26 13 43 36 18  3 15  8 22 38 30 39 50 49 48 30 19 40  4 12 36 21 19 36 27  4 33  9 27 17 14 19 46 43 34 12  0 50 45 28 20 45  1 33 46  9 10 47 36  6 10 21 32 31 13 37  2 25 18 49 32  3 16 47 40 29 45 29  1 37 17 27 23 19  3 13  9 19
44 20 49 38  3  9  6 43 46  8 49 20 13 18  7 39 15 25 10 30 22 36 45  1 42 45 39 36 42 23 17 13  9 20 10 20 42 25 36 31 39 20 39  8 47 26  1 35 16  8 16 33 16 29 30  9 36  1 50  0 46  5 23  6 12 40 35 18 48 34 24 38  4  8  5 31 18 37 39 29  1 14 48 14 34 41 40 14 37 21  9 17 39 23 41 16 15 31 16 15
49 41 17  6 15 12 40  5 12 25 30 41 33 18 38 17 29 45 39 24 20 44  2 20 20 16 36 29 17 36 22 13 32 17 23 25 26 21 27 46 45 15  4 12 16 41 36 10 50 24 32  9 23 31 39 50 16 41 45 46  0 20  7  9 21 31 23  6  9 19 30 32 27 33 30  9 29 21  8  9 39  3 12 39  1 39 36  7 17 28  3 45  5  9 16 50 18 27 21  6
48 38 40  9 23 24  5  6 28 28 13 19 27 26 15 17 17 33 30 15 42  4 38 26 21 19  8 14 21 30 46 30 50  4 10 30  8 46 14 28 24 24 13 26 43 39 21 43 22  8 29  5 28 17 23  5  7 18 28  5 20  0 13  8 23  9  8 11 16 13 13  4 34 27  1 11 33  4 47 28 17 22 46 39 39 16  3 41  9 29 49 50 24 25 10 21 30 27 12 48
 6  7  2 28 24 40 20 40 12 31 33 37  2 50 49 27 35 23 13  7 26 44 46 37  9  9 21 22 18 12 33 12  8 47 48 39 44 44 16 24 20 37 27 32  7 35 24 43 43 13 13  7 39 16 26 39 24 27 20 23  7 13  0 35 47 26 43 42 50 41 22 28  6 36 36 38 31 33 37 44  7 30 28 30 44  8  4 26  3 23 15 17 40 24 44 17 30 12 15 31
15 48 31 46 31 39 10 16 39 12 12 48 11 40 31  1 24 39 21 14 15 45 15  3 47  7 31 48 48 41  6 48 43 44 47 11 21 37 42  2 20 43 10 38 38  7 41  4 24 42 36  1  8 16 13 48 35  5 45  6  9  8 35  0 23 43 34 24 38 24  6 11 47 28 17 27 33 44 27 37 23 46  8 25 13  3 36 20 27  8 45 32 36 15 46  7 45 16 37 23
17  7 26 38 38 43 30 34 20 14 41  4  9 14 31 44 33 38 44 25 17 42 39 40 49 27 17  7  7 40 29 28  3 38 22 36 44 41 48 38 33 20 32  2  1 22 47  2 48 49 22 43 40 17  8  1 32  6  1 12 21 23 47 23  0 29 12 13 22 41 43  1 17 31 22 46  2 20 38 46 37 28 13 19 11  1  6 49 22 48 27 32 20  5 45 15 31  4 18 28
48 32 36 19 25 41 42 43  1  5 29 20 38 27  6 25 32 19 43 32 16 50 13 36 30 31 15 44 48 35 43 15 22 24 40  8 17 31 13 32 49  8  4  8 35  2 19 29 28 26 41 12 19 20 17 32  9 26 33 40 31  9 26 43 29  0  9 33  8 15 33 12  3  6 39 22 14 34 10  4 11 25 17 18 12 19 19 36 23 41 44 49 25 12 32 15 35 33 46 49
23 26 43  4 29  4 37 18 49 48 47  1 38 28 24 42 34 15 21  7 13 41 28 23 31 35  3 46 24 13 48 12 27 45  3 29  5 19 14 15 48 24 34 25 31  5 39  8 36  1  9 42 13  3 20 30  9 21 46 35 23  8 43 34 12  9  0 32 15 31 27 27 38 47 34 35 24 49 12 41  4 22 14  4  9 29 17 24 45 16 24  1  3 33 45 46  6  6 14 18
50  7 36 24 14 34 31  1  4  1 40 12 31 44 28  9 46 44  6 32  4 38 26 41 38 37 31  9 13  1 26 37 35 20 31 19 49 24  8 22 20 45 24 24 25 43 38 39 34 43 48 41  4  5 10 21 25 41  9 18  6 11 42 24 13 33 32  0 47 29 42 12 17 19 27 28 21  5  6  2 50 17 33 21 50 22 23 21 50 37 22 34  4 24 49 23  1 13 44 10
33 13 47 39  6 14 25 11 20 34 25 13 22 39 33 28 19 25 41 17 10 47 48 28 16  5 35 38 35 50 47  6 16 34 40 34 22 49 47  5 32 20 15 15 21 36  3 34 22 14 33  3 16 48 33 32 42  1 10 48  9 16 50 38 22  8 15 47  0 10 31 22 12 31 42 21 29  6  3 17 40 29  4  3 16 13 50 13 40 14 36 14 32 46 34  1 22 26  9 35
40  7 38 29 18 38  2  7 33  4  8 19  8  4  3  9 35 19 19 25 50  9 22 50 45 27 26 44 23 14 48 36 29 16 15  9 33 30 41  9 10 47 11 36 24 21 43 22  2 47 49 38 11 16 32 22 13 41 47 34 19 13 41 24 41 15 31 29 10  0 21 20 40 19 20  3 31 13 48 33  8 19  5  6 45 44 42 33 30 11 36 27 40 16  3 42 29 37  2  9
39  5 41 30 47 36 33 16  1 37 29 14  6  5  1 42 37 31 18 15 39  2 11 12 28 50 17 31 17 12 43 11 38 48 43 28  1 20 34 39 26 46 43 13 27 22 38 49  5 42 21 40  8 20 28 49 47  6 36 24 30 13 22  6 43 33 27 42 31 21  0 48 30 28 19 33 40 36 49 36  9  2  8 32 31  9 37 34  5 21 31 30 23 45 23 35 25 21 47 38
22 49  4 39 32 35  5 26 24 22 27 37  6 16 24 41 18 26 11  9 32 37  7 24 10  6 42 26 49 20 46 33 34 26 44 41 48 28 47 31 33 24 49 36 15 50 48 37  7 32 45  6 32 48 49 11  9  2  6 38 32  4 28 11  1 12 27 12 22 20 48  0 23 32 33 19 32 33 27 25 24  9 19 12 36 20 23 49 49 11 43 27 29 39 36 31 50 13 20 11
47  8  8  4 49 14 47 12 19  4  5 18 14  9 24  8 35  7 11 46  8 10 39 31 26  7 24 34 24 29 12 40 19 25 33 18  1 26 23 39  8 21 20 14  1 25  1 15 49 29 22 18 33 21 14 17 34 44 10  4 27 34  6 47 17  3 38 17 12 40 30 23  0 30 24 17 26 16 26  1 33 12 21 37 20 15 13  9 15  5 17 28 50 11 47 33 22 29 16  7
22 14  6 43 28 33  7 32 40 21 47  1 33 43 46 30 36  4 27 43 45 11 13  8  4 13 44 26 38 10 17 13 38 25 25  2  4 49  7 37 38 37  8 28 48 48 39 35 29 28 20 20 10  7 49 12  6 43 21  8 33 27 36 28 31  6 47 19 31 19 28 32 30  0 40 19  1  6 42 27  8 31  6 41 19 19 47 29 27 30 11  6 38 21 30 47 48 19 38 36
33 40 31 43 20  6 28 24 44 31 11 30 23 21 39  7 28 10  6 41 19 12 11 20 15 38 13 25 15 28  7 38 41 29 16 42 24 45 13 34 33 17 16 48 37 37 10  5 43  7 12 23 44  8 38 32 31 40 32  5 30  1 36 17 22 39 34 27 42 20 19 33 24 40  0 23 16 34 20 43 41 47 25 36 50 35 18 27 22 20 14  8 10 21  9 36 19 16 21 32
36  1 22 12 22 10 37 41 13 36 33 25 13 31 21 46  4 24 41 35 38 13 31 21 27 40 37 20 12 41 29 24 17 10 34 50 13 44 29 33 29  7 35 39 15 23 29 17  7 27 19  4 17 45 24 48 16 10 31 31  9 11 38 27 46 22 35 28 21  3 33 19 17 19 23  0 50 44 17  1 32 16 33  9  2 24 15 11 30  8 27 15 34 24 42 22 47 50 28 16
22 39 11 16 38 49  1 40 43 24  6 19 37  1  3  6  5 12 42 21 24 45 25  4 18 15 39  5 42  7 21 37 48 11 40 16 43 24 27 46 28 23  2 14 23 22 42 38 12  6 24 31 41 38  4 14 36 14 13 18 29 33 31 33  2 14 24 21 29 31 40 32 26  1 16 50  0 26  2 31  5 38 18 25  6 14 41 32  7 21 22 13 15 37 36 28  5 27 21 34
29 11 17 18 23 11 12  4 32  4 11 39  4  1 20  3 14 30 31 21 34 31  5 39  4 13 48 40  5 33 40 17 18 11 13 48 49 21  5 45 36 11 20 18 44 38 40 10 16 39  8 12  1 43 13 14 24 49 37 37 21  4 33 44 20 34 49  5  6 13 36 33 16  6 34 44 26  0  2 26  3 47 23  9 29 39 34 20 42 44 12 28 44 16 18  5 15 46 22 13
10 30  4 18  6 17 12 24 23 19 14 19  7 23 21  8 22 29  4 18  8 28 31 46 29 28 11 45 32 12 33 35  3 21 45 16  7 43 22  1 11 23 34 48 17 36 17  4 12  9  5 16 46 19 14  8 14  3  2 39  8 47 37 27 38 10 12  6  3 48 49 27 26 42 20 17  2  2  0 47 39 20 27 34 18 27 34  1 48 29 50 13 34 40  6 23 38 39 20 31
33 47 20 39 44 22  9 23 40 10 34 16  7 48  9  8 32 33 36 36 43 23 41 16 47  8  2 16 38 30 49 48 50  3 45  5  7 14 41 35 20 26 25 49 15 20 17 40 33 48 45 33  9 36 20 34 32 27 25 29  9 28 44 37 46  4 41  2 17 33 36 25  1 27 43  1 31 26 47  0 42 21 48 33 47 14 20 44  5  2 40 43 31 47 50 50 27 23 47 25
48 18 24 17 14  2 27 34  7 37 24 29 37 29 20 50 47 48 35 22 47 44 46  9 12  9 25 40 17 50 13 49 49 43 20 32 38 32 36  4 49  7 33 36 46 23 48  3 23  8 35 14 23  2 18 17 23 26 18  1 39 17  7 23 37 11  4 50 40  8  9 24 33  8 41 32  5  3 39 42  0 27 30 13 15 49 11 16  3 15 14 43 20 49 14  8 45 25 12 25
20 37 42 46 49 33 39  6 29 29 43 11 14 50 36 21 40 29 11  7 45  7  9 15 42 18 28 19 32 23  9 31 45 32 46 19 48 10  2 15 43 19 37 10 22  8 20 35  3 12 44 12 45 23 48 47 50  6 49 14  3 22 30 46 28 25 22 17 29 19  2  9 12 31 47 16 38 47 20 21 27  0 26 30 26 23 14 31 37 38 24  4 44 43 15 27 19 37 21 43
39 43 45 43  9 33 18 16 50 36  4 42 37 14 27 39  8 22 28 50 46 35 20 43 43 44 13 40 39 20 32 38 49 24 17 47 20  7 31 38 32 27 12 47 22 38 26 49 35 18 40 13 11 36 22 49 42 24 32 48 12 46 28  8 13 17 14 33  4  5  8 19 21  6 25 33 18 23 27 48 30 26  0  1 14 41  7 32 19 17 25 39  9 32 37 40  3 44 32 32
 4 22 41 23 17 12 15 30 36 39 23 48 24 50 39 40 34 46 31 18  3 11  2  4 11 30 11  9 10 21 36 35 11 32 43 38 31 11  7 40 24 48  1 50 38  6 20 16 33 20 19 35 44 25 40 13 21 19  3 14 39 39 30 25 19 18  4 21  3  6 32 12 37 41 36  9 25  9 34 33 13 30  1  0  8  6 34 12  1 39 27 18 44 19 22  5 26  3 37 27
 5 28 14 21  7 26 25 41 27 28 46 50  1  6 19 15 35  5 13 28 12 46 11 39 22  7 34 11 44 19 25 40  5  9 31 26 17 37  5 18  2 32 44 50 37 35 14 46 24 18 34 19  4 27 15 33 37 37 16 34  1 39 44 13 11 12  9 50 16 45 31 36 20 19 50  2  6 29 18 47 15 26 14  8  0 26 50 32 24 23 22  8 33 15  7 40 42  4 28 27
16  2 49 34 36 12 37 19  9  9 17 49 38 37 36 31 40  1 43 18 33 35 17 40  6 18 11 19  6  9 18  2 39 38 15 36 27 20 21 27 12  6 16 39 42 28 45 32 29 40 33 16 18 26 50 23 11 25 47 41 39 16  8  3  1 19 29 22 13 44  9 20 15 19 35 24 14 39 27 14 49 23 41  6 26  0 37 49 25  4 41  6 10 43 44  5 22 13 19 30
11  9 36 14 16 28 24  1 25 33 21  6 20 33 14  8 49 45 14 47 41 40 17 43  1 31 33 39 45 49 42  3 15 17 26 20 13 47 41  8 37 18 25 11 22 47 15 25 11 33 30 50 45 25  3 37 35 24 40 40 36  3  4 36  6 19 17 23 50 42 37 23 13 47 18 15 41 34 34 20 11 14  7 34 50 37  0 33 34 40 44 19 30 39 47 23 18 20 32  1
27 29 13 29 37 29  8  6 26  6  9 43  8 30 27 39 47 42 15 40 38 27  7  1  5  8 15 29 11 20 15 10 24  2 24 38 35 37  7 33 24  1 22 34 30 12  4 23 12 13  2 27 41 16 11 48 45 17 29 14  7 41 26 20 49 36 24 21 13 33 34 49  9 29 27 11 32 20  1 44 16 31 32 12 32 49 33  0  3 32 35 11 28 50 31 29 11  7  6  2
 8 33 46 17 48 31 36 15 34 24 23  5 30 24 10 34 43  3 41  2 27  9  9 30 50 22 11 33 46 27  8  8 43 15  1 24 17 25  5  6 37 33 36 27 46 29 12  2 43 21  2 20 46 26 38  8 28 29 45 37 17  9  3 27 22 23 45 50 40 30  5 49 15 27 22 30  7 42 48  5  3 37 19  1 24 25 34  3  0 15 11 10 47 41 27  9  5 38 19  9
 3 22 36  9 47 47 28 44 47 24 13 46 39  4 45 45 32 29 25 29 10  7 33 16 12 12 38  8  7 43 13 42 41 44 40 14 22 14 17  2  1 33 23 27 34 47 25 27 32 45 22 36 23 34 21 49 19 46 29 21 28 29 23  8 48 41 16 37 14 11 21 11  5 30 20  8 21 44 29  2 15 38 17 39 23  4 40 32 15  0 37 12 50 35  7 33 38  4 34 26
38 13  1  6 22 46 32  3 41 13 21 29 21 30 17 16 28 20 17 43 31 13 36  7 41 44 27 10 38 25  6 23 43 19 49 32 29  3 42 14 31 29 11 44 16 46  5 23 44 49 22 11 30 28 29  5 15 34  1  9  3 49 15 45 27 44 24 22 36 36 31 43 17 11 14 27 22 12 50 40 14 24 25 27 22 41 44 35 11 37  0 12 29 17 16 23 42 31 36 11
28 24 22  7 49 13 28 18 23 19 29 49 19 43  5 25 33 19 47 11 21 48 45 38 11 17 46 38  3 50 21 26 19 45 48 29 21 41 33 36 40 43 25 43 31 16 19 13 12 46 41  5 50 21 12 46 22 24 37 17 45 50 17 32 32 49  1 34 14 27 30 27 28  6  8 15 13 28 13 43 43  4 39 18  8  6 19 11 10 12 12  0 33 16  1 38 48  8 12 44
12 50 39 40 27 19 17 21 50 13  2 14 43 25 49 45 28 16  6 21  4 32 34 47 45 32 38 29 33 13 35 38 24 16 17 33 41 42 39 29 24 38 41 46 21 11 20  2 31 30 37 22  1 44 20  3  4 44 17 39  5 24 40 36 20 25  3  4 32 40 23 29 50 38 10 34 15 44 34 31 20 44  9 44 33 10 30 28 47 50 29 33  0  3 36 15 32 38 10 33
23  3 48 48 47 23 18 15 22  3 33  8 17 11 31 40 20 44 46 48 25  1 29 38 42  3 49 48 13 30  7 32 10 42 48 48 24 17 25 13  7 42 18 10  2  5 49 24 11 23 33 21  1 22  9 49 39 22 27 23  9 25 24 15  5 12 33 24 46 16 45 39 11 21 21 24 37 16 40 47 49 43 32 19 15 43 39 50 41 35 17 16  3  0 44 50 10  4 16 15
17  9 38 14 43 49 37 23 25  4 29 20 19 43 28 13 38 13 16 45 46  7  4 24 48 46 26  7 10 25  4 36 10 16 18 46 38 40 27 19 35  9 15  1 25 44  9 40 19 15 22  9 10 41 15 34 38 24 23 41 16 10 44 46 45 32 45 49 34  3 23 36 47 30  9 42 36 18  6 50 14 15 37 22  7 44 47 31 27  7 16  1 36 44  0 41 31 42  9 25
42 27 36 35 22 49 41  9 50 36  9 38 10 49 43 12 14 12  6 33 41 39 47 16 40 21 49 19 21 38 30 32 36 24 32 32 26 31 39 11 32 16 42 35 41 18 23 29  5 11  3 44 25 44 22  2 19 23 19 16 50 21 17  7 15 15 46 23  1 42 35 31 33 47 36 22 28  5 23 50  8 27 40  5 40  5 23 29  9 33 23 38 15 50 41  0 49 36 41 43
 7  8 24 49 46 20 39 10 41 16 21 20 46 13 15 32  5 41 26 50 13 21  4 28 18 10 39 39 16 32 33 11  1 50 15 35  5 41 29  7 15 15 27 14 34 17 13 18 39 47 22 37  3 16 49 35 39 35  3 15 18 30 30 45 31 35  6  1 22 29 25 50 22 48 19 47  5 15 38 27 45 19  3 26 42 22 18 11  5 38 42 48 32 10 31 49  0 18 37 26
24 37 26 32 28 26 18 25 13 28 41 23 23 16  7 17 14 18 39 25 10 36 35 44  9 11 34 32 30 41 14 30 23  5 35 20 24 21 10 48  1 23 33 35 15 39 34 20 38 43 23 42 26  9 27 33 29 41 13 31 27 27 12 16  4 33  6 13 26 37 21 13 29 19 16 50 27 46 39 23 25 37 44  3  4 13 20  7 38  4 31  8 38  4 42 36 18  0 24 43
 6 39 19 36 44 20 33 13  8 28  5 27 22 23 19 37 33 48 11 50  2 28 28 46 12  2 26  5  4 12 38 19 47 29 20 25 22 16 17 38 27  2 24 15 33 34 26 33  6 37 13  2  7 21 27 21 45 11  9 16 21 12 15 37 18 46 14 44  9  2 47 20 16 38 21 28 21 22 20 47 12 21 32 37 28 19 32  6 19 34 36 12 10 16  9 41 37 24  0 20
 5  7  6 44  9 37 46 22 24 15 40 46 17 40 28  5  9 43  2  2 17 12 12 31 34 36 37 11 25 10 15 24 35 47  2 44  4 14 18 29 33 15  1 39  9 40 47  3  6 15 12 19 47 33 21 46 27 44 19 15  6 48 31 23 28 49 18 10 35  9 38 11  7 36 32 16 34 13 31 25 25 43 32 27 27 30  1  2  9 26 11 44 33 15 25 43 26 43 20  0
