1.34385e+06 1.31264e+06 687174 58 64 49 73 51 4 44 95 69 42 56 40 81 39 12 35 14 97 76 65 57 25 53 61 87 93 86 60 16 68 30 47 75 3 24 98 96 34 55 18 71 88 46 48 62 28 66 26 84 5 37 10 54 23 6 78 36 90 94 11 85 80 29 22 74 17 19 27 70 92 52 79 67 7 91 31 63 77 32 15 82 0 89 2 1 99 38 43 33 13 8 9 50 72 59 21 45 83 41 20
1.38072e+06 1.31264e+06 687174 58 64 49 73 51 4 44 95 69 42 56 40 81 39 12 35 14 97 76 65 57 25 53 61 87 93 86 60 16 68 30 47 75 3 24 98 96 34 55 18 71 88 46 48 62 28 66 26 84 5 37 10 54 23 6 78 36 90 94 11 85 80 29 22 74 17 19 27 70 92 52 79 67 7 91 31 63 77 32 15 82 0 89 2 1 99 38 43 33 13 8 9 50 72 59 21 45 83 41 20
1.43178e+06 1.31264e+06 687174 58 64 49 73 51 4 44 95 69 42 56 40 81 39 12 35 14 97 76 65 57 25 53 61 87 93 86 60 16 68 30 47 75 3 24 98 96 34 55 18 71 88 46 48 62 28 66 26 84 5 37 10 54 23 6 78 36 90 94 11 85 80 29 22 74 17 19 27 70 92 52 79 67 7 91 31 63 77 32 15 82 0 89 2 1 99 38 43 33 13 8 9 50 72 59 21 45 83 41 20
1.44987e+06 1.31675e+06 644178 62 19 26 12 51 4 44 95 69 42 56 40 81 39 73 35 14 92 76 65 57 28 53 61 87 93 60 86 16 68 30 47 75 3 24 43 96 10 55 18 71 88 46 48 58 25 66 84 49 70 37 34 54 23 6 78 36 90 72 11 85 29 80 22 74 17 64 27 5 89 52 79 67 7 91 63 31 77 32 15 82 0 97 33 1 38 99 98 2 13 8 9 50 94 59 45 21 83 41 20
1.02081e+06 1.32835e+06 620474 38 6 49 73 51 4 98 44 69 42 56 81 40 39 12 35 20 46 65 18 57 25 53 61 8 92 26 78 16 30 10 47 68 1 77 43 96 2 34 67 50 88 93 89 62 28 66 86 27 64 37 72 99 23 82 58 83 41 94 11 85 80 29 22 14 17 19 70 59 74 52 79 60 7 91 31 63 32 24 15 76 95 97 55 3 48 45 13 5 87 33 9 71 75 84 21 0 36 90 54
1.43178e+06 1.31264e+06 687174 58 64 49 73 51 4 44 95 69 42 56 40 81 39 12 35 14 97 76 65 57 25 53 61 87 93 86 60 16 68 30 47 75 3 24 98 96 34 55 18 71 88 46 48 62 28 66 26 84 5 37 10 54 23 6 78 36 90 94 11 85 80 29 22 74 17 19 27 70 92 52 79 67 7 91 31 63 77 32 15 82 0 89 2 1 99 38 43 33 13 8 9 50 72 59 21 45 83 41 20
1.43752e+06 1.31421e+06 680172 58 64 49 73 51 4 44 95 69 42 56 40 81 39 12 35 14 97 76 65 57 25 53 61 87 93 86 60 16 68 30 47 75 3 24 98 96 34 55 18 71 88 46 48 62 28 66 26 84 5 37 10 54 23 6 78 36 90 94 11 85 80 29 22 74 19 17 27 70 92 52 79 67 7 91 31 63 77 32 15 82 0 89 2 1 99 38 43 33 13 8 9 50 59 72 21 45 83 41 20
1.46568e+06 1.31649e+06 644464 62 19 25 12 51 4 44 95 69 42 56 40 81 39 73 35 14 92 76 65 57 28 53 61 87 93 60 86 16 68 30 47 75 3 24 43 96 10 55 18 71 88 46 48 58 26 66 49 84 70 37 34 54 23 6 78 36 90 72 11 85 29 80 22 74 17 64 27 5 89 52 79 67 7 91 63 31 77 32 15 82 0 97 33 1 38 99 98 2 13 8 9 50 94 59 45 21 83 41 20
1.45974e+06 1.31709e+06 641826 62 19 25 12 51 4 44 95 69 42 56 40 81 39 73 35 14 92 76 65 57 28 53 61 87 93 60 86 16 68 30 47 75 3 24 43 96 13 55 18 71 88 46 48 58 26 66 49 84 70 37 34 54 23 6 78 36 90 72 11 85 29 80 22 74 17 64 27 5 89 52 79 67 7 91 63 31 77 32 15 82 0 97 33 1 38 99 98 2 10 8 9 50 94 59 45 21 83 41 20
1.45735e+06 1.31789e+06 640166 62 78 25 12 51 4 44 95 69 42 56 40 81 39 73 35 14 92 76 65 57 28 53 61 87 93 60 86 16 68 30 47 75 3 24 43 96 13 55 18 71 88 46 48 58 26 66 49 84 70 37 34 54 23 6 19 36 90 72 11 85 29 80 22 74 17 64 27 5 89 52 79 67 7 91 63 31 77 32 15 82 0 97 33 1 38 99 98 2 10 8 9 50 94 59 45 21 83 41 20
1.45151e+06 1.31749e+06 640176 62 78 25 12 51 4 44 95 69 42 56 40 81 39 73 35 14 92 76 65 57 28 53 61 87 93 60 86 16 68 30 47 75 3 24 43 96 13 21 18 71 88 46 48 58 26 66 49 84 70 37 34 54 23 6 19 36 90 72 11 85 29 80 22 74 17 8 27 5 89 52 79 67 7 91 63 31 77 32 15 82 0 97 33 1 38 99 98 2 10 64 9 50 94 59 45 55 83 41 20
1.44848e+06 1.31649e+06 644464 62 19 25 12 51 4 44 95 69 42 56 40 81 39 73 35 14 92 76 65 57 28 53 61 87 93 60 86 16 68 30 47 75 3 24 43 96 10 55 18 71 88 46 48 58 26 66 49 84 70 37 34 54 23 6 78 36 90 72 11 85 29 80 22 74 17 64 27 5 89 52 79 67 7 91 63 31 77 32 15 82 0 97 33 1 38 99 98 2 13 8 9 50 94 59 45 21 83 41 20
1.45415e+06 1.31449e+06 648028 62 19 25 12 51 4 44 95 69 42 56 40 81 39 73 35 80 92 76 65 57 28 53 61 87 93 60 86 16 68 30 47 75 3 24 43 96 10 55 18 71 88 46 48 58 26 66 49 84 70 37 34 54 23 6 78 36 90 72 11 85 29 14 22 74 17 64 27 5 89 52 79 67 7 91 63 31 77 32 15 82 0 97 33 1 38 99 98 2 13 8 9 50 94 59 45 21 83 41 20
1.4613e+06 1.31833e+06 632446 62 19 25 12 51 4 44 95 69 42 56 40 81 39 73 35 14 92 76 65 57 28 53 61 87 93 60 86 16 68 30 47 75 3 24 43 96 13 55 18 71 88 46 48 58 26 66 49 84 34 37 70 54 23 6 78 36 2 72 11 85 29 80 22 74 17 64 27 5 89 52 79 67 7 91 63 31 77 32 15 82 0 97 33 1 38 99 98 90 10 8 9 50 94 59 45 21 83 41 20
1.46192e+06 1.31833e+06 632446 62 19 25 12 51 4 44 95 69 42 56 40 81 39 73 35 14 92 76 65 57 28 53 61 87 93 60 86 16 68 30 47 75 3 24 43 96 13 55 18 71 88 46 48 58 26 66 49 84 34 37 70 54 23 6 78 36 2 72 11 85 29 80 22 74 17 64 27 5 89 52 79 67 7 91 63 31 77 32 15 82 0 97 33 1 38 99 98 90 10 8 9 50 94 59 45 21 83 41 20
1.46206e+06 1.31833e+06 632446 62 19 25 12 51 4 44 95 69 42 56 40 81 39 73 35 14 92 76 65 57 28 53 61 87 93 60 86 16 68 30 47 75 3 24 43 96 13 55 18 71 88 46 48 58 26 66 49 84 34 37 70 54 23 6 78 36 2 72 11 85 29 80 22 74 17 64 27 5 89 52 79 67 7 91 63 31 77 32 15 82 0 97 33 1 38 99 98 90 10 8 9 50 94 59 45 21 83 41 20
1.44411e+06 1.32177e+06 626744 62 19 25 12 51 4 95 44 69 42 56 40 81 39 73 35 14 92 76 65 57 28 53 61 87 93 60 86 16 68 30 47 75 3 24 43 96 13 55 18 71 88 46 48 58 26 66 49 84 34 37 70 54 23 6 78 36 2 72 11 85 29 80 22 74 17 64 27 5 89 52 79 67 7 91 63 31 77 32 15 82 0 97 33 1 38 99 98 90 10 8 9 50 94 59 45 21 83 41 20
1.0391e+06 1.33034e+06 604096 49 6 63 34 51 37 4 44 69 42 56 40 81 84 86 35 14 55 18 65 57 25 53 60 8 92 12 78 16 30 77 47 68 1 75 43 96 73 2 61 50 88 48 89 62 28 66 26 5 64 98 72 54 23 74 58 82 29 94 11 85 41 80 22 93 17 70 39 27 83 52 20 67 7 91 31 38 24 32 15 76 95 97 46 3 79 45 13 59 33 87 9 71 10 19 21 0 36 90 99
1.02267e+06 1.33034e+06 604096 49 6 63 34 51 37 4 44 69 42 56 40 81 84 86 35 14 55 18 65 57 25 53 60 8 92 12 78 16 30 77 47 68 1 75 43 96 73 2 61 50 88 48 89 62 28 66 26 5 64 98 72 54 23 74 58 82 29 94 11 85 41 80 22 93 17 70 39 27 83 52 20 67 7 91 31 38 24 32 15 76 95 97 46 3 79 45 13 59 33 87 9 71 10 19 21 0 36 90 99
1.00598e+06 1.33034e+06 604096 49 6 63 34 51 37 4 44 69 42 56 40 81 84 86 35 14 55 18 65 57 25 53 60 8 92 12 78 16 30 77 47 68 1 75 43 96 73 2 61 50 88 48 89 62 28 66 26 5 64 98 72 54 23 74 58 82 29 94 11 85 41 80 22 93 17 70 39 27 83 52 20 67 7 91 31 38 24 32 15 76 95 97 46 3 79 45 13 59 33 87 9 71 10 19 21 0 36 90 99
971858 1.33034e+06 604096 49 6 63 34 51 37 4 44 69 42 56 40 81 84 86 35 14 55 18 65 57 25 53 60 8 92 12 78 16 30 77 47 68 1 75 43 96 73 2 61 50 88 48 89 62 28 66 26 5 64 98 72 54 23 74 58 82 29 94 11 85 41 80 22 93 17 70 39 27 83 52 20 67 7 91 31 38 24 32 15 76 95 97 46 3 79 45 13 59 33 87 9 71 10 19 21 0 36 90 99
954427 1.33034e+06 604096 49 6 63 34 51 37 4 44 69 42 56 40 81 84 86 35 14 55 18 65 57 25 53 60 8 92 12 78 16 30 77 47 68 1 75 43 96 73 2 61 50 88 48 89 62 28 66 26 5 64 98 72 54 23 74 58 82 29 94 11 85 41 80 22 93 17 70 39 27 83 52 20 67 7 91 31 38 24 32 15 76 95 97 46 3 79 45 13 59 33 87 9 71 10 19 21 0 36 90 99
900707 1.33034e+06 604096 49 6 63 34 51 37 4 44 69 42 56 40 81 84 86 35 14 55 18 65 57 25 53 60 8 92 12 78 16 30 77 47 68 1 75 43 96 73 2 61 50 88 48 89 62 28 66 26 5 64 98 72 54 23 74 58 82 29 94 11 85 41 80 22 93 17 70 39 27 83 52 20 67 7 91 31 38 24 32 15 76 95 97 46 3 79 45 13 59 33 87 9 71 10 19 21 0 36 90 99
882342 1.33034e+06 604096 49 6 63 34 51 37 4 44 69 42 56 40 81 84 86 35 14 55 18 65 57 25 53 60 8 92 12 78 16 30 77 47 68 1 75 43 96 73 2 61 50 88 48 89 62 28 66 26 5 64 98 72 54 23 74 58 82 29 94 11 85 41 80 22 93 17 70 39 27 83 52 20 67 7 91 31 38 24 32 15 76 95 97 46 3 79 45 13 59 33 87 9 71 10 19 21 0 36 90 99
658271 1.33264e+06 595536 7 6 63 34 51 37 4 44 69 42 56 40 81 84 86 35 14 55 65 18 57 25 53 60 8 92 12 78 16 30 77 47 68 1 75 43 96 2 73 61 50 88 48 89 62 28 66 26 5 64 98 72 54 23 74 95 82 29 94 11 85 41 80 22 93 17 70 39 27 83 52 20 67 49 91 31 38 24 32 15 76 58 97 46 3 79 45 13 59 33 87 9 71 10 19 21 0 36 90 99
