1.2617e+06 1.30793e+06 482982 74 94 77 75 14 15 33 46 64 88 86 65 95 38 25 61 79 11 78 50 93 80 40 49 21 36 10 6 39 82 92 98 1 63 73 85 57 13 99 9 30 23 84 3 72 83 55 56 52 97 16 70 58 51 28 41 27 24 2 12 26 87 76 96 62 91 31 68 44 19 20 69 18 67 35 37 45 90 42 60 48 71 47 43 32 5 81 7 66 8 17 0 59 22 4 54 34 29 53 89
1.30319e+06 1.25191e+06 599092 99 33 74 26 94 10 61 42 56 44 48 32 13 86 14 27 70 59 43 46 55 53 12 31 80 77 98 41 23 73 4 21 30 54 3 85 47 18 58 9 25 89 40 84 2 93 6 83 88 52 16 78 15 67 64 28 92 8 76 63 51 72 39 95 79 90 97 68 81 65 20 11 34 75 69 36 38 35 96 5 1 71 60 50 66 19 37 0 45 24 87 7 91 17 22 82 57 29 62 49
1.27891e+06 1.2516e+06 603804 99 33 74 26 94 10 61 42 56 44 48 32 13 86 14 27 70 59 43 46 55 53 12 31 80 77 98 41 23 73 4 21 30 54 3 85 47 18 58 81 25 89 40 84 2 93 6 83 88 52 16 78 15 67 64 28 92 8 76 63 51 72 39 95 79 90 97 68 9 65 20 11 34 75 69 36 38 35 96 5 1 71 60 50 66 19 37 0 45 24 87 7 91 17 22 82 57 29 62 49
1.27012e+06 1.2516e+06 603804 99 33 74 26 94 10 61 42 56 44 48 32 13 86 14 27 70 59 43 46 55 53 12 31 80 77 98 41 23 73 4 21 30 54 3 85 47 18 58 81 25 89 40 84 2 93 6 83 88 52 16 78 15 67 64 28 92 8 76 63 51 72 39 95 79 90 97 68 9 65 20 11 34 75 69 36 38 35 96 5 1 71 60 50 66 19 37 0 45 24 87 7 91 17 22 82 57 29 62 49
1.29538e+06 1.25146e+06 603868 26 33 74 99 86 10 61 42 56 44 48 32 13 94 14 27 70 59 43 46 55 53 12 31 80 77 98 41 23 73 4 21 30 54 3 85 47 18 58 9 25 89 40 84 2 64 6 83 88 52 16 78 15 67 93 28 92 8 76 63 51 72 39 95 79 90 97 68 81 65 20 11 34 75 69 36 38 35 96 5 1 71 60 50 66 19 37 0 45 24 87 7 91 17 22 82 57 29 62 49
1.27849e+06 1.25082e+06 611156 26 33 74 99 86 10 61 5 56 44 48 32 13 94 14 27 70 59 43 46 55 53 12 31 80 77 98 41 23 73 4 21 30 54 3 85 47 18 58 9 25 89 40 84 2 64 6 83 88 52 16 78 15 67 93 28 92 8 76 63 51 72 39 95 79 90 97 68 36 65 20 11 34 75 69 81 38 35 96 42 1 71 60 50 66 19 37 0 45 24 87 7 91 17 22 82 57 29 62 49
1.29506e+06 1.25028e+06 614660 26 33 74 99 86 10 61 5 56 44 48 32 13 94 14 27 70 59 43 46 55 53 12 31 80 77 98 41 23 73 4 21 30 54 3 85 47 18 58 9 25 89 40 84 2 64 6 83 88 52 16 78 15 67 93 28 92 8 76 63 51 72 39 95 79 90 97 68 36 65 20 11 34 75 69 81 38 35 96 42 1 71 60 50 66 19 37 0 45 24 87 62 91 17 22 82 57 29 7 49
1.27811e+06 1.25028e+06 614660 26 33 74 99 86 10 61 5 56 44 48 32 13 94 14 27 70 59 43 46 55 53 12 31 80 77 98 41 23 73 4 21 30 54 3 85 47 18 58 9 25 89 40 84 2 64 6 83 88 52 16 78 15 67 93 28 92 8 76 63 51 72 39 95 79 90 97 68 36 65 20 11 34 75 69 81 38 35 96 42 1 71 60 50 66 19 37 0 45 24 87 62 91 17 22 82 57 29 7 49
1.28648e+06 1.2496e+06 621208 26 33 74 99 86 10 61 23 56 44 48 32 13 94 14 27 70 59 43 46 55 53 12 31 80 77 98 41 5 73 4 21 30 54 3 85 47 18 58 9 25 89 40 84 2 64 6 83 88 52 16 78 15 67 93 28 92 8 76 63 51 72 39 95 79 90 97 68 36 65 20 11 34 75 69 81 38 35 96 42 1 71 60 50 66 19 37 0 45 24 87 62 91 17 22 82 57 29 7 49
1.3412e+06 1.26703e+06 512918 99 7 74 81 72 73 56 67 90 13 48 32 78 36 25 27 5 8 66 46 55 52 10 31 44 68 98 17 45 30 4 21 93 54 3 85 96 84 58 9 43 57 40 15 22 64 28 83 18 69 19 39 41 86 80 77 92 97 14 63 79 89 76 95 1 49 62 51 88 2 20 11 34 75 47 94 91 35 70 26 24 71 60 61 23 16 37 0 82 53 12 33 65 59 6 38 87 29 50 42
1.36218e+06 1.26703e+06 512918 99 7 74 81 72 73 56 67 90 13 48 32 78 36 25 27 5 8 66 46 55 52 10 31 44 68 98 17 45 30 4 21 93 54 3 85 96 84 58 9 43 57 40 15 22 64 28 83 18 69 19 39 41 86 80 77 92 97 14 63 79 89 76 95 1 49 62 51 88 2 20 11 34 75 47 94 91 35 70 26 24 71 60 61 23 16 37 0 82 53 12 33 65 59 6 38 87 29 50 42
1.36694e+06 1.26884e+06 508934 99 7 74 81 72 73 56 67 90 13 48 32 78 36 22 27 5 8 66 46 55 52 10 31 44 68 98 17 45 30 4 21 93 54 3 85 96 84 58 9 43 57 40 15 25 64 28 83 18 69 19 39 41 86 80 77 92 97 14 63 79 89 76 95 1 49 62 51 88 2 20 11 34 75 47 94 91 35 26 70 24 71 60 61 23 16 37 0 82 53 12 33 65 59 6 38 87 29 50 42
1.34649e+06 1.26884e+06 508934 99 7 74 81 72 73 56 67 90 13 48 32 78 36 22 27 5 8 66 46 55 52 10 31 44 68 98 17 45 30 4 21 93 54 3 85 96 84 58 9 43 57 40 15 25 64 28 83 18 69 19 39 41 86 80 77 92 97 14 63 79 89 76 95 1 49 62 51 88 2 20 11 34 75 47 94 91 35 26 70 24 71 60 61 23 16 37 0 82 53 12 33 65 59 6 38 87 29 50 42
1.35789e+06 1.26703e+06 512918 99 7 74 81 72 73 56 67 90 13 48 32 78 36 25 27 5 8 66 46 55 52 10 31 44 68 98 17 45 30 4 21 93 54 3 85 96 84 58 9 43 57 40 15 22 64 28 83 18 69 19 39 41 86 80 77 92 97 14 63 79 89 76 95 1 49 62 51 88 2 20 11 34 75 47 94 91 35 70 26 24 71 60 61 23 16 37 0 82 53 12 33 65 59 6 38 87 29 50 42
1.36021e+06 1.26703e+06 512918 99 7 74 81 72 73 56 67 90 13 48 32 78 36 25 27 5 8 66 46 55 52 10 31 44 68 98 17 45 30 4 21 93 54 3 85 96 84 58 9 43 57 40 15 22 64 28 83 18 69 19 39 41 86 80 77 92 97 14 63 79 89 76 95 1 49 62 51 88 2 20 11 34 75 47 94 91 35 70 26 24 71 60 61 23 16 37 0 82 53 12 33 65 59 6 38 87 29 50 42
1.3028e+06 1.25088e+06 605698 26 33 74 99 86 10 61 42 56 44 48 32 13 94 14 27 70 59 43 46 55 53 12 31 80 77 98 41 66 73 4 21 30 54 3 85 47 18 58 9 25 89 40 84 2 64 6 83 97 52 16 78 15 67 93 28 92 8 76 63 51 72 39 95 79 90 88 68 81 65 20 11 34 75 69 36 38 35 96 5 1 71 60 50 23 19 37 0 45 24 87 7 91 17 22 82 57 29 62 49
1.35878e+06 1.26884e+06 508934 99 7 74 81 72 73 56 67 90 13 48 32 78 36 22 27 5 8 66 46 55 52 10 31 44 68 98 17 45 30 4 21 93 54 3 85 96 84 58 9 43 57 40 15 25 64 28 83 18 69 19 39 41 86 80 77 92 97 14 63 79 89 76 95 1 49 62 51 88 2 20 11 34 75 47 94 91 35 26 70 24 71 60 61 23 16 37 0 82 53 12 33 65 59 6 38 87 29 50 42
1.36217e+06 1.26489e+06 519740 99 7 74 81 72 73 56 67 90 13 48 61 78 36 25 27 5 8 66 46 55 52 10 31 44 68 98 17 45 30 4 21 93 54 3 85 96 84 58 9 43 57 40 15 22 64 28 83 18 69 19 39 41 86 80 77 92 97 14 63 79 89 76 95 1 49 62 51 88 2 20 11 34 75 47 94 91 35 70 26 24 71 60 32 23 16 37 0 82 53 12 33 65 59 6 38 87 29 50 42
1.35488e+06 1.26489e+06 519740 99 7 74 81 72 73 56 67 90 13 48 61 78 36 25 27 5 8 66 46 55 52 10 31 44 68 98 17 45 30 4 21 93 54 3 85 96 84 58 9 43 57 40 15 22 64 28 83 18 69 19 39 41 86 80 77 92 97 14 63 79 89 76 95 1 49 62 51 88 2 20 11 34 75 47 94 91 35 70 26 24 71 60 32 23 16 37 0 82 53 12 33 65 59 6 38 87 29 50 42
1.29366e+06 1.24744e+06 632792 26 33 74 99 86 10 61 55 56 44 48 32 13 94 14 27 19 59 87 46 47 53 12 31 80 77 98 41 5 73 70 21 30 54 3 85 23 18 58 39 25 89 40 84 2 64 6 83 88 52 16 78 15 67 93 28 92 8 76 63 51 72 9 95 79 90 97 68 36 65 20 11 34 75 69 81 38 35 96 42 1 71 60 50 66 4 37 0 45 24 43 62 91 17 22 82 57 29 7 49
1.29361e+06 1.247e+06 637660 26 33 74 99 86 10 61 55 56 44 48 32 13 94 14 27 19 59 87 46 47 53 12 31 80 77 98 41 5 73 70 21 30 54 3 85 23 18 58 39 25 89 40 84 2 64 6 83 88 52 16 78 15 67 93 28 92 8 76 63 51 72 9 95 79 90 97 36 68 65 20 11 34 75 69 81 38 35 96 42 1 71 60 50 66 4 37 0 45 24 43 62 91 17 22 82 57 29 7 49
1.2666e+06 1.247e+06 637660 26 33 74 99 86 10 61 55 56 44 48 32 13 94 14 27 19 59 87 46 47 53 12 31 80 77 98 41 5 73 70 21 30 54 3 85 23 18 58 39 25 89 40 84 2 64 6 83 88 52 16 78 15 67 93 28 92 8 76 63 51 72 9 95 79 90 97 36 68 65 20 11 34 75 69 81 38 35 96 42 1 71 60 50 66 4 37 0 45 24 43 62 91 17 22 82 57 29 7 49
1.27538e+06 1.24638e+06 639034 26 33 74 99 94 10 61 55 56 44 48 32 13 86 14 27 19 59 87 46 47 53 12 31 80 77 98 41 5 73 70 21 30 54 3 85 23 18 58 39 25 89 40 84 2 64 6 83 88 52 16 78 15 67 93 28 92 8 76 63 51 72 9 95 79 90 97 36 68 65 20 11 34 75 69 81 38 35 96 42 1 71 60 50 66 4 37 0 45 24 43 62 91 17 22 82 57 29 7 49
1.30921e+06 1.24794e+06 622200 26 33 74 99 86 10 61 55 56 44 48 32 13 94 14 27 19 59 43 46 47 53 12 31 80 77 98 41 5 73 70 21 30 54 3 85 23 18 58 39 25 89 40 84 2 64 6 83 88 52 16 78 15 67 93 28 92 8 76 63 51 72 9 95 79 90 97 68 36 65 20 11 34 75 69 81 38 35 96 42 1 71 60 50 66 4 37 0 45 24 87 62 91 17 22 82 57 29 7 49
1.29311e+06 1.24638e+06 639034 26 33 74 99 94 10 61 55 56 44 48 32 13 86 14 27 19 59 87 46 47 53 12 31 80 77 98 41 5 73 70 21 30 54 3 85 23 18 58 39 25 89 40 84 2 64 6 83 88 52 16 78 15 67 93 28 92 8 76 63 51 72 9 95 79 90 97 36 68 65 20 11 34 75 69 81 38 35 96 42 1 71 60 50 66 4 37 0 45 24 43 62 91 17 22 82 57 29 7 49
1.35718e+06 1.26566e+06 515204 99 7 74 81 72 73 56 67 90 13 48 32 78 36 25 27 5 8 66 46 55 52 94 31 44 68 98 17 45 30 4 21 93 54 3 85 96 84 58 9 43 57 40 15 22 64 28 83 18 69 19 39 41 86 80 77 92 97 14 63 79 89 76 95 1 49 62 51 88 2 20 11 34 75 47 87 91 35 70 26 24 71 60 61 23 16 37 0 82 53 12 33 65 59 6 38 10 29 50 42
1.35501e+06 1.26907e+06 506038 99 7 74 81 72 73 56 67 90 13 48 32 78 36 22 27 5 8 66 46 55 52 87 31 44 68 98 17 45 30 4 21 93 54 3 85 96 84 58 9 43 57 18 15 25 64 28 83 70 69 19 39 41 86 80 77 92 97 14 63 79 89 76 95 1 49 62 51 88 2 20 11 34 75 47 94 91 35 26 40 24 71 60 61 23 16 37 0 82 53 12 33 65 59 6 38 10 29 50 42
1.3631e+06 1.26568e+06 514736 99 7 74 81 72 73 56 67 90 13 48 32 78 36 25 27 5 8 66 46 55 52 94 31 44 68 98 17 18 30 4 21 93 54 3 85 96 84 58 9 43 57 40 15 22 64 28 83 45 69 19 39 41 86 80 77 92 97 14 63 79 89 76 95 1 49 62 51 88 2 20 11 34 75 47 87 91 35 70 26 24 71 60 61 23 16 37 0 82 53 12 33 65 59 6 38 10 29 50 42
1.3251e+06 1.25484e+06 544432 87 7 74 81 72 73 9 67 90 99 48 61 78 36 25 27 5 8 66 46 55 52 94 31 20 68 98 17 64 30 4 21 93 54 3 85 96 84 58 75 43 57 40 53 22 45 28 83 18 69 19 39 41 86 80 77 92 97 14 63 79 89 15 95 1 49 62 51 88 2 44 11 34 37 47 12 91 35 70 26 24 71 60 32 23 16 56 0 82 76 65 33 10 59 6 38 13 29 50 42
1.29241e+06 1.30855e+06 451176 86 91 1 36 14 9 19 44 84 55 64 65 60 70 25 94 80 29 78 50 93 57 30 49 21 13 46 22 39 82 92 99 56 63 73 85 77 74 38 15 10 23 97 3 43 72 51 53 52 71 16 79 58 11 6 18 27 90 40 4 28 87 76 67 42 61 31 68 81 89 20 69 35 33 59 37 45 2 62 12 48 88 47 83 32 26 96 7 66 24 17 0 5 41 75 54 34 8 98 95
1.30011e+06 1.30855e+06 451176 86 91 1 36 14 9 19 44 84 55 64 65 60 70 25 94 80 29 78 50 93 57 30 49 21 13 46 22 39 82 92 99 56 63 73 85 77 74 38 15 10 23 97 3 43 72 51 53 52 71 16 79 58 11 6 18 27 90 40 4 28 87 76 67 42 61 31 68 81 89 20 69 35 33 59 37 45 2 62 12 48 88 47 83 32 26 96 7 66 24 17 0 5 41 75 54 34 8 98 95
1.35421e+06 1.26994e+06 502836 99 7 74 81 72 73 56 67 90 13 48 32 78 36 22 27 5 8 66 46 55 52 87 31 44 68 98 17 45 30 4 21 93 54 3 85 96 84 58 9 43 57 40 15 25 64 28 83 23 69 19 39 41 86 80 77 92 97 14 63 79 89 76 95 1 49 62 51 88 2 20 11 34 75 47 94 91 35 26 18 24 71 60 61 70 16 37 0 82 53 12 33 65 59 6 38 10 29 50 42
1.35122e+06 1.26994e+06 502836 99 7 74 81 72 73 56 67 90 13 48 32 78 36 22 27 5 8 66 46 55 52 87 31 44 68 98 17 45 30 4 21 93 54 3 85 96 84 58 9 43 57 40 15 25 64 28 83 23 69 19 39 41 86 80 77 92 97 14 63 79 89 76 95 1 49 62 51 88 2 20 11 34 75 47 94 91 35 26 18 24 71 60 61 70 16 37 0 82 53 12 33 65 59 6 38 10 29 50 42
1.31936e+06 1.25487e+06 542884 87 7 74 81 72 73 9 67 90 99 48 61 78 36 25 27 5 8 66 46 55 52 94 31 20 68 98 17 64 30 4 21 93 54 3 85 96 84 58 75 43 57 40 53 22 45 28 83 26 69 19 39 41 86 80 77 92 97 14 63 79 89 15 95 1 49 62 51 88 2 44 11 34 37 47 12 91 35 70 18 24 71 60 32 23 16 56 0 82 76 65 33 10 59 6 38 13 29 50 42
1.34364e+06 1.25487e+06 542884 87 7 74 81 72 73 9 67 90 99 48 61 78 36 25 27 5 8 66 46 55 52 94 31 20 68 98 17 64 30 4 21 93 54 3 85 96 84 58 75 43 57 40 53 22 45 28 83 26 69 19 39 41 86 80 77 92 97 14 63 79 89 15 95 1 49 62 51 88 2 44 11 34 37 47 12 91 35 70 18 24 71 60 32 23 16 56 0 82 76 65 33 10 59 6 38 13 29 50 42
1.351e+06 1.25487e+06 542884 87 7 74 81 72 73 9 67 90 99 48 61 78 36 25 27 5 8 66 46 55 52 94 31 20 68 98 17 64 30 4 21 93 54 3 85 96 84 58 75 43 57 40 53 22 45 28 83 26 69 19 39 41 86 80 77 92 97 14 63 79 89 15 95 1 49 62 51 88 2 44 11 34 37 47 12 91 35 70 18 24 71 60 32 23 16 56 0 82 76 65 33 10 59 6 38 13 29 50 42
1.32977e+06 1.25409e+06 545548 87 7 74 81 72 73 9 67 90 99 48 61 78 36 25 27 5 52 66 46 55 8 94 31 20 68 98 17 26 30 4 21 93 54 3 85 96 84 58 75 43 57 40 53 22 45 28 83 64 69 19 39 41 86 80 77 92 97 14 63 79 89 15 95 1 49 62 51 88 2 44 11 34 37 47 12 91 35 70 18 24 71 60 32 23 16 56 0 82 76 65 33 10 59 6 38 13 29 50 42
1.36277e+06 1.26908e+06 504624 99 7 74 81 72 73 56 67 90 13 48 32 78 36 22 27 5 8 66 46 55 52 94 31 44 68 98 17 45 30 4 21 93 54 3 85 96 84 58 9 43 57 40 15 25 64 28 83 23 69 19 39 41 86 80 77 92 97 14 63 79 89 76 95 1 49 62 51 88 2 20 11 34 75 47 87 91 35 26 18 24 71 60 61 70 16 37 0 82 53 12 33 65 59 6 38 10 29 50 42
1.31896e+06 1.25409e+06 545548 87 7 74 81 72 73 9 67 90 99 48 61 78 36 25 27 5 52 66 46 55 8 94 31 20 68 98 17 26 30 4 21 93 54 3 85 96 84 58 75 43 57 40 53 22 45 28 83 64 69 19 39 41 86 80 77 92 97 14 63 79 89 15 95 1 49 62 51 88 2 44 11 34 37 47 12 91 35 70 18 24 71 60 32 23 16 56 0 82 76 65 33 10 59 6 38 13 29 50 42
1.35345e+06 1.25492e+06 540064 87 7 74 81 72 73 9 67 90 99 48 61 78 36 25 27 5 52 66 46 55 8 94 31 20 68 98 17 18 30 4 21 93 54 3 85 96 84 58 75 43 57 40 53 22 45 28 83 64 69 19 39 41 86 80 77 92 97 14 63 79 89 15 95 70 49 62 51 88 2 44 11 34 37 47 12 91 35 1 26 24 71 60 32 23 16 56 0 82 76 65 33 10 59 6 38 13 29 50 42
1.32371e+06 1.25318e+06 546028 87 7 74 81 72 73 9 67 90 99 48 61 78 36 25 27 18 52 66 46 55 8 94 31 20 68 98 17 5 30 4 21 93 54 3 85 96 84 58 75 43 57 40 53 22 45 28 83 64 69 19 39 41 86 80 77 92 97 14 63 79 89 15 95 70 49 62 51 88 2 44 11 34 37 47 12 91 35 1 26 24 71 60 32 23 16 56 0 82 76 65 33 10 59 6 38 13 29 50 42
1.35865e+06 1.256e+06 536490 87 7 74 81 72 73 9 67 90 99 48 61 78 36 25 27 5 8 66 46 55 52 94 31 20 68 98 17 18 30 4 21 93 54 3 85 96 84 58 75 43 57 40 53 22 45 28 83 64 69 19 39 41 86 80 77 92 97 14 63 79 89 15 95 70 49 62 51 88 2 44 11 34 37 47 12 91 35 1 26 24 71 60 32 23 16 56 0 82 76 65 33 10 59 6 38 13 29 50 42
1.35015e+06 1.25318e+06 546028 87 7 74 81 72 73 9 67 90 99 48 61 78 36 25 27 18 52 66 46 55 8 94 31 20 68 98 17 5 30 4 21 93 54 3 85 96 84 58 75 43 57 40 53 22 45 28 83 64 69 19 39 41 86 80 77 92 97 14 63 79 89 15 95 70 49 62 51 88 2 44 11 34 37 47 12 91 35 1 26 24 71 60 32 23 16 56 0 82 76 65 33 10 59 6 38 13 29 50 42
1.351e+06 1.27234e+06 498248 99 7 74 81 72 73 56 67 10 13 48 32 78 36 22 27 5 8 66 46 55 52 87 31 44 68 98 17 45 30 4 21 93 54 3 85 96 84 58 9 43 57 40 15 25 64 28 83 23 69 19 39 41 86 80 77 92 97 14 63 79 89 76 95 1 49 62 51 88 2 20 11 34 75 47 94 91 35 26 18 24 71 60 61 70 16 37 0 82 53 12 33 65 59 6 38 90 29 50 42
1.35404e+06 1.27263e+06 497648 99 7 74 81 72 73 56 67 43 13 48 32 78 36 22 27 5 8 66 46 55 52 87 31 44 68 98 17 45 30 4 21 93 54 3 85 96 84 58 9 10 57 40 15 25 64 28 83 23 69 19 39 41 86 80 77 92 97 14 63 79 89 76 95 1 49 62 51 88 2 20 11 34 75 47 94 91 35 26 18 24 71 60 61 70 16 37 0 82 53 12 33 65 59 6 38 90 29 50 42
1.34263e+06 1.25293e+06 546886 87 7 74 81 72 73 9 67 90 99 48 61 78 36 25 27 0 52 66 46 55 8 94 31 20 68 98 17 5 30 4 21 93 54 3 85 96 84 58 75 43 57 40 53 22 45 28 83 64 69 19 39 41 86 80 77 92 97 14 63 79 89 15 95 70 49 62 51 88 2 44 11 34 37 47 12 91 35 1 26 24 71 60 32 23 16 56 18 82 76 65 33 10 59 6 38 13 29 50 42
1.33957e+06 1.27339e+06 496314 99 7 74 81 72 73 56 67 43 13 48 32 78 36 22 27 5 8 66 46 55 52 87 31 44 68 98 17 45 30 4 21 93 54 3 85 96 84 58 9 10 57 40 15 25 64 28 83 23 69 19 39 41 86 80 77 92 97 14 63 65 89 76 95 1 49 62 51 88 2 20 11 34 75 47 94 91 35 26 18 24 71 60 61 70 16 37 0 82 53 12 33 79 59 6 38 90 29 50 42
1.33474e+06 1.27569e+06 492206 99 7 74 81 72 73 56 67 43 13 48 32 78 94 22 27 5 8 66 46 55 52 87 31 44 68 98 17 45 30 4 21 93 54 3 85 96 84 58 9 10 57 40 15 25 64 28 83 23 69 19 39 41 86 80 77 92 97 14 63 65 89 76 95 1 49 62 51 88 2 20 11 34 75 47 36 91 35 26 18 24 71 60 61 70 16 37 0 82 53 12 33 79 59 6 38 90 29 50 42
1.36458e+06 1.25611e+06 535724 87 7 74 81 72 73 9 67 90 99 48 61 78 36 25 27 5 8 66 46 55 52 94 31 20 68 98 17 40 30 4 21 93 54 3 85 96 84 58 75 43 57 18 53 22 45 28 83 64 69 19 39 41 86 80 77 92 97 14 63 79 89 15 95 70 49 62 51 88 2 44 11 34 37 47 12 91 35 1 26 24 71 60 32 23 16 56 0 82 76 65 33 10 59 6 38 13 29 50 42
1.36485e+06 1.25782e+06 530400 87 7 74 81 72 73 9 67 90 99 48 61 78 12 25 27 5 8 66 46 55 52 94 31 20 68 98 17 40 30 4 21 93 54 3 85 96 84 58 75 43 57 18 53 22 45 28 83 64 69 19 39 41 86 80 77 92 97 14 63 79 89 15 95 70 49 62 51 88 2 44 11 34 37 47 36 91 35 1 26 24 71 60 32 23 16 56 0 82 76 65 33 10 59 6 38 13 29 50 42
1.26037e+06 1.24026e+06 653488 26 33 43 99 94 10 92 55 56 44 48 32 13 86 14 27 19 59 87 46 47 97 12 31 80 77 53 41 5 73 70 21 30 54 3 85 23 18 7 39 25 89 58 84 40 64 6 83 88 52 16 78 15 67 93 61 28 8 76 63 51 72 9 95 79 90 96 36 68 65 20 11 34 75 69 81 38 35 91 42 1 71 60 50 66 4 37 0 45 24 74 62 98 17 22 82 57 29 2 49
1.3473e+06 1.27879e+06 486908 99 7 74 81 72 73 56 67 43 13 48 32 78 94 22 27 5 8 66 46 55 52 87 31 44 68 98 17 45 30 4 21 93 54 3 85 96 84 58 9 10 57 40 15 25 64 28 83 23 69 19 39 41 86 80 77 92 97 14 63 65 89 76 95 38 49 62 51 88 2 20 11 34 75 47 36 91 35 26 18 24 71 60 61 70 16 37 0 82 53 12 33 79 59 6 1 90 29 50 42
1.34654e+06 1.25303e+06 546432 87 7 74 81 72 73 9 67 90 99 48 61 78 32 25 27 0 52 66 46 55 8 94 31 20 68 98 17 5 30 4 21 93 54 3 85 96 84 58 75 43 57 40 53 22 45 28 83 64 69 19 39 41 86 80 77 92 97 14 63 79 89 15 95 70 49 62 51 88 2 44 11 34 37 47 12 91 35 1 26 24 71 60 36 23 16 56 18 82 76 65 33 10 59 6 38 13 29 50 42
1.32886e+06 1.25293e+06 546886 87 7 74 81 72 73 9 67 90 99 48 61 78 36 25 27 0 52 66 46 55 8 94 31 20 68 98 17 5 30 4 21 93 54 3 85 96 84 58 75 43 57 40 53 22 45 28 83 64 69 19 39 41 86 80 77 92 97 14 63 79 89 15 95 70 49 62 51 88 2 44 11 34 37 47 12 91 35 1 26 24 71 60 32 23 16 56 18 82 76 65 33 10 59 6 38 13 29 50 42
1.25015e+06 1.23991e+06 655302 26 33 43 99 94 10 92 55 56 44 48 32 13 86 14 27 19 59 87 46 47 97 12 31 80 77 53 41 5 73 70 21 30 54 3 85 23 18 7 39 25 89 58 84 40 64 6 83 88 52 16 78 15 67 93 61 28 8 76 63 51 72 9 95 79 90 96 36 68 65 20 11 34 75 69 81 38 57 91 42 1 71 60 50 66 4 37 0 45 24 74 62 98 17 22 82 35 29 2 49
1.2955e+06 1.31203e+06 439566 86 91 1 36 14 9 96 19 60 55 51 65 84 70 25 94 80 29 78 50 93 57 82 49 88 13 46 22 39 30 92 99 21 63 73 85 77 74 38 15 10 23 97 3 52 72 41 53 43 71 16 79 58 11 6 18 27 90 40 4 28 87 76 67 42 61 31 68 81 89 20 69 35 33 64 37 45 2 62 12 48 66 47 83 32 26 44 7 56 24 17 0 5 59 75 54 34 8 98 95
1.36434e+06 1.25652e+06 531836 87 7 74 81 72 73 9 67 90 99 48 61 78 44 25 27 5 8 66 46 55 52 94 31 20 68 98 17 96 30 4 21 93 54 3 85 40 84 58 75 43 57 18 53 22 45 28 83 64 69 19 39 41 86 80 77 92 97 14 63 79 89 15 95 70 49 62 51 88 2 12 11 34 37 47 36 91 35 1 26 24 71 60 32 23 16 56 0 82 76 65 33 10 59 6 38 13 29 50 42
1.28686e+06 1.30995e+06 440862 86 91 1 36 14 9 96 19 60 55 51 65 84 70 25 94 80 29 78 50 93 57 82 49 88 13 46 22 39 30 92 99 21 63 73 85 77 74 38 15 10 23 97 3 52 72 41 53 43 71 16 79 58 11 6 18 27 90 40 4 28 87 37 67 42 61 31 68 81 89 20 69 35 33 76 64 45 2 62 12 48 66 47 83 32 26 44 7 56 24 17 0 5 59 75 54 34 8 98 95
1.27021e+06 1.30995e+06 440862 86 91 1 36 14 9 96 19 60 55 51 65 84 70 25 94 80 29 78 50 93 57 82 49 88 13 46 22 39 30 92 99 21 63 73 85 77 74 38 15 10 23 97 3 52 72 41 53 43 71 16 79 58 11 6 18 27 90 40 4 28 87 37 67 42 61 31 68 81 89 20 69 35 33 76 64 45 2 62 12 48 66 47 83 32 26 44 7 56 24 17 0 5 59 75 54 34 8 98 95
1.16816e+06 1.30995e+06 440862 86 91 1 36 14 9 96 19 60 55 51 65 84 70 25 94 80 29 78 50 93 57 82 49 88 13 46 22 39 30 92 99 21 63 73 85 77 74 38 15 10 23 97 3 52 72 41 53 43 71 16 79 58 11 6 18 27 90 40 4 28 87 37 67 42 61 31 68 81 89 20 69 35 33 76 64 45 2 62 12 48 66 47 83 32 26 44 7 56 24 17 0 5 59 75 54 34 8 98 95
1.34247e+06 1.25248e+06 548144 87 7 74 81 72 73 9 67 90 99 48 61 78 32 25 27 0 52 66 46 55 8 94 31 20 68 98 17 5 30 4 21 93 54 3 85 96 84 58 75 43 57 40 53 22 45 28 83 64 69 19 39 41 86 80 77 92 97 14 63 79 89 15 95 70 49 62 76 88 2 44 11 34 37 47 12 91 35 1 26 24 71 60 36 23 16 56 18 82 51 65 33 10 59 6 38 13 29 50 42
1.29587e+06 1.24056e+06 640972 26 33 43 99 94 10 92 55 56 44 48 32 13 86 14 27 19 59 87 46 47 97 12 31 80 77 53 41 5 73 70 21 30 54 3 85 23 83 2 39 25 89 71 84 40 64 6 18 88 52 16 78 15 67 93 61 28 8 76 63 51 72 9 95 79 90 96 36 68 65 20 11 34 75 69 81 38 35 91 42 1 58 60 50 66 4 37 0 45 24 74 62 98 17 22 82 57 29 7 49
1.36418e+06 1.25652e+06 531836 87 7 74 81 72 73 9 67 90 99 48 61 78 44 25 27 5 8 66 46 55 52 94 31 20 68 98 17 96 30 4 21 93 54 3 85 40 84 58 75 43 57 18 53 22 45 28 83 64 69 19 39 41 86 80 77 92 97 14 63 79 89 15 95 70 49 62 51 88 2 12 11 34 37 47 36 91 35 1 26 24 71 60 32 23 16 56 0 82 76 65 33 10 59 6 38 13 29 50 42
1.32319e+06 1.25191e+06 550612 87 7 74 81 72 73 9 67 90 99 48 61 78 20 25 27 0 52 66 46 55 8 94 31 32 68 98 17 5 30 4 21 93 54 3 85 96 84 58 75 43 57 40 53 22 45 28 83 64 69 19 39 41 86 80 77 92 97 14 63 79 89 15 95 70 49 62 76 88 2 44 11 34 37 47 12 91 35 1 26 24 71 60 36 23 16 56 18 82 51 65 33 10 59 6 38 13 29 50 42
876461 1.32113e+06 433514 86 91 1 36 14 9 96 19 60 55 13 48 65 70 25 94 80 29 78 50 93 57 82 49 88 84 46 22 39 30 92 99 21 63 73 85 77 74 38 15 10 23 97 3 52 72 51 53 43 71 16 79 58 11 6 18 27 90 40 4 28 87 76 67 42 61 31 68 81 89 20 69 35 33 41 37 45 2 62 12 64 66 47 83 32 26 44 7 56 24 17 0 5 59 75 54 34 8 98 95
1.33427e+06 1.27819e+06 487596 99 7 74 81 72 73 56 67 43 13 48 32 78 94 22 27 5 8 66 46 55 52 87 31 44 68 98 17 45 30 4 21 93 54 3 85 96 84 58 9 10 57 40 15 25 64 28 83 23 69 19 39 41 86 80 77 92 97 20 63 65 89 76 95 38 49 62 51 88 2 14 11 34 75 47 36 91 35 26 18 24 71 60 61 70 16 37 0 82 53 12 33 79 59 6 1 90 29 50 42
1.36367e+06 1.25611e+06 532176 87 7 74 81 72 73 9 67 90 99 48 61 78 44 25 27 5 8 66 46 55 52 94 31 20 68 98 17 96 30 4 21 93 54 3 85 40 84 58 75 43 57 18 53 22 45 28 83 64 69 19 39 41 86 80 77 92 97 14 63 79 89 15 95 70 49 62 51 88 2 65 11 34 37 47 36 91 35 1 26 24 71 60 32 23 16 56 0 82 76 12 33 10 59 6 38 13 29 50 42
1.36418e+06 1.25611e+06 532176 87 7 74 81 72 73 9 67 90 99 48 61 78 44 25 27 5 8 66 46 55 52 94 31 20 68 98 17 96 30 4 21 93 54 3 85 40 84 58 75 43 57 18 53 22 45 28 83 64 69 19 39 41 86 80 77 92 97 14 63 79 89 15 95 70 49 62 51 88 2 65 11 34 37 47 36 91 35 1 26 24 71 60 32 23 16 56 0 82 76 12 33 10 59 6 38 13 29 50 42
694573 1.32444e+06 432486 38 91 1 36 14 9 96 19 60 55 13 48 65 70 25 94 80 29 78 50 93 57 82 49 88 84 46 22 39 30 92 99 21 63 73 85 77 74 86 15 10 23 97 3 52 72 51 53 43 71 16 79 58 11 6 18 27 90 40 4 28 87 76 67 42 61 31 68 81 89 20 69 35 33 41 37 45 2 62 12 64 66 47 83 32 26 44 7 56 24 17 0 5 59 75 54 34 8 98 95
1.24198e+06 1.31507e+06 434424 86 91 1 36 14 9 96 19 60 55 51 65 84 70 25 94 80 29 78 50 93 57 82 49 88 13 46 22 39 30 92 99 21 63 73 85 77 74 38 15 10 23 97 3 52 72 41 53 43 71 16 79 58 11 6 18 27 90 40 4 28 87 64 81 42 61 31 68 67 89 20 69 35 33 76 37 45 2 62 12 48 66 47 83 32 26 44 7 56 24 17 0 5 59 75 54 34 8 98 95
1.14211e+06 1.31507e+06 434424 86 91 1 36 14 9 96 19 60 55 51 65 84 70 25 94 80 29 78 50 93 57 82 49 88 13 46 22 39 30 92 99 21 63 73 85 77 74 38 15 10 23 97 3 52 72 41 53 43 71 16 79 58 11 6 18 27 90 40 4 28 87 64 81 42 61 31 68 67 89 20 69 35 33 76 37 45 2 62 12 48 66 47 83 32 26 44 7 56 24 17 0 5 59 75 54 34 8 98 95
1.14178e+06 1.31239e+06 436036 86 91 1 36 14 9 96 19 60 55 51 65 84 70 25 94 80 29 78 50 93 57 82 49 88 13 46 22 39 30 92 99 21 63 73 85 77 74 38 15 10 23 97 3 52 72 41 53 43 71 16 79 58 11 6 18 27 90 40 4 28 87 44 81 42 61 31 68 67 89 20 69 35 33 76 37 45 2 62 12 48 66 47 83 32 26 64 7 56 24 17 0 5 59 75 54 34 8 98 95
1.18897e+06 1.31239e+06 436036 86 91 1 36 14 9 96 19 60 55 51 65 84 70 25 94 80 29 78 50 93 57 82 49 88 13 46 22 39 30 92 99 21 63 73 85 77 74 38 15 10 23 97 3 52 72 41 53 43 71 16 79 58 11 6 18 27 90 40 4 28 87 44 81 42 61 31 68 67 89 20 69 35 33 76 37 45 2 62 12 48 66 47 83 32 26 64 7 56 24 17 0 5 59 75 54 34 8 98 95
1.21078e+06 1.31239e+06 436036 86 91 1 36 14 9 96 19 60 55 51 65 84 70 25 94 80 29 78 50 93 57 82 49 88 13 46 22 39 30 92 99 21 63 73 85 77 74 38 15 10 23 97 3 52 72 41 53 43 71 16 79 58 11 6 18 27 90 40 4 28 87 44 81 42 61 31 68 67 89 20 69 35 33 76 37 45 2 62 12 48 66 47 83 32 26 64 7 56 24 17 0 5 59 75 54 34 8 98 95
